 7 5    2   18   35   54   74  2.4930  1.5162   .7217   .4667  4.4880 258. 242. 223. 206.  41.  173    2455197.500 2010
1    220100101201009162455197.1 -.1009200000D+01  .6650000000D-02  .5245550000D+02  .2768700000D+00  .7340000000D-03  .4106000000D+00 -.5336232000D+01 -.3814000000D+00 -.3572700000D+01 -.6781000000D+00 -.1075400000D+01  .4740000000D-02  .1842091000D+03  .9239000000D-01  .1600000000D-03  .3609000000D+00 -.1933963000D+01 -.3859000000D+00 -.3650500000D+01 -.4536000000D+00 -.8050000000D-01 -.1370000000D-02  .1907561000D+03  .4176000000D-01  .1320000000D-03  .4246000000D+00 -.3521545000D+01 -.4640000000D+00 -.2854200000D+01 -.7726000000D+00
1    320100916201106012455455.1  .1401000000D+00  .2630000000D-02  .6165350000D+02  .9604000000D-01  .6980000000D-03  .5920000000D+00 -.3336795000D+01 -.1118800000D+01 -.4343500000D+01 -.3996700000D+01 -.4566000000D+00  .1710000000D-02  .1839722000D+03  .1140100000D+00  .4550000000D-03  .7550000000D-01 -.5842044000D+01 -.1159200000D+01 -.4328600000D+01 -.5326000000D+00  .2228000000D+00 -.1660000000D-02  .1878303000D+03  .8537000000D-01  .2890000000D-03  .1959000000D+00 -.1180763000D+01 -.2526700000D+01 -.5355600000D+01 -.3537200000D+01
1    420110601201202142455713.1 -.6868000000D+00  .9030000000D-02  .7435090000D+02  .1034700000D+00  .2170000000D-03  .4362000000D+00 -.1304181000D+01 -.5464800000D+01 -.2536700000D+01 -.3893100000D+01 -.7214000000D+00  .5420000000D-02  .1853318000D+03  .1926000000D-01  .2080000000D-03  .3735000000D+00 -.3522664000D+01 -.1222800000D+01 -.4954200000D+01 -.3730500000D+01 -.5553000000D+00  .3700000000D-02  .1820239000D+03  .3868000000D-01  .2030000000D-03  .9650000000D-01 -.5174370000D+01 -.4393200000D+01 -.6760000000D+00 -.4113700000D+01
1    520120214201210292455971.1 -.1008000000D+00  .1770000000D-02  .6795230000D+02  .2438200000D+00  .8060000000D-03  .1875000000D+00 -.5180058000D+01 -.6067100000D+01 -.2944500000D+01 -.8542000000D+00 -.7898000000D+00  .4330000000D-02  .1839862000D+03  .1189800000D+00  .3230000000D-03  .7680000000D-01 -.1263304000D+01 -.6120800000D+01 -.3031600000D+01 -.6124900000D+01 -.4413000000D+00  .1120000000D-02  .1858757000D+03  .1035900000D+00  .3140000000D-03  .4124000000D+00 -.2899281000D+01 -.2563000000D+00 -.3243900000D+01 -.5646000000D+00
1    620121029201307142456229.1  .1179100000D+01 -.4590000000D-02  .7199940000D+02  .6711000000D-01  .1920000000D-03  .6927000000D+00 -.2930127000D+01 -.4027500000D+01 -.3463700000D+01 -.3879400000D+01  .4280000000D-01 -.6900000000D-03  .1848329000D+03  .6470000000D-01  .3440000000D-03  .9450000000D-01 -.5198025000D+01 -.5291000000D+00 -.3707600000D+01 -.4585300000D+01  .1424000000D+00 -.6400000000D-03  .1832001000D+03  .7481000000D-01  .3150000000D-03  .2660000000D+00 -.5631840000D+00 -.2240100000D+01 -.4837400000D+01 -.3757000000D+01
1    720130714201403292456487.1  .6101000000D+00 -.1260000000D-02  .9367150000D+02  .1892200000D+00  .6810000000D-03  .3940000000D+00 -.8538210000D+00 -.4596200000D+01 -.1517900000D+01 -.3744500000D+01 -.1100000000D-02  .9700000000D-03  .1859368000D+03  .5266000000D-01  .6400000000D-04  .3397000000D+00 -.2852774000D+01 -.4552600000D+01 -.1510800000D+01 -.3644600000D+01 -.4553000000D+00  .3510000000D-02  .1723353000D+03  .7685000000D-01  .2550000000D-03  .2310000000D+00 -.4532689000D+01 -.4784000000D+01 -.1179300000D+01 -.3647500000D+01
1    820140329201412122456745.1  .9406000000D+00 -.7000000000D-02  .9047880000D+02  .1613500000D+00  .6920000000D-03  .3203000000D+00 -.4857273000D+01 -.5253100000D+01 -.2167900000D+01 -.9675000000D+00 -.1924000000D+00  .7700000000D-03  .1857618000D+03  .1056400000D+00  .3710000000D-03  .5170000000D-01 -.5890650000D+00 -.5380300000D+01 -.2243000000D+01 -.2584300000D+01 -.8650000000D-01 -.1580000000D-02  .1736946000D+03  .1132200000D+00  .4360000000D-03  .3922000000D+00 -.2267777000D+01 -.6043600000D+01 -.2788400000D+01 -.6025000000D+00
1    920141212201508272457003.1  .1526300000D+01 -.9180000000D-02  .8716040000D+02  .1909300000D+00  .3280000000D-03  .4293000000D+00 -.2489400000D+01 -.3429200000D+01 -.6192000000D+00 -.3753400000D+01  .4027000000D+00 -.3410000000D-02  .1854795000D+03  .1829000000D-01  .1720000000D-03  .1085000000D+00 -.4558383000D+01 -.4986700000D+01 -.2735100000D+01 -.4433900000D+01  .6265000000D+00 -.4060000000D-02  .1762165000D+03  .9175000000D-01  .1920000000D-03  .2577000000D+00 -.6231937000D+01 -.2754500000D+01 -.5138600000D+01 -.3910500000D+01
1   1020150827201605112457261.1  .6257000000D+00 -.4280000000D-02  .1097456000D+03  .1859600000D+00  .8280000000D-03  .7630000000D-01 -.3461900000D+00 -.3998500000D+01 -.9604000000D+00 -.3062600000D+01  .3866000000D+00 -.2460000000D-02  .1872493000D+03  .9486000000D-01  .2590000000D-03  .2263000000D+00 -.2198591000D+01 -.3933400000D+01 -.8982000000D+00 -.3674200000D+01 -.2292000000D+00  .1530000000D-02  .1610592000D+03  .1245700000D+00  .4940000000D-03  .1657000000D+00 -.3896240000D+01 -.4387900000D+01 -.1010600000D+01 -.3263700000D+01
1   1120160511201701242457519.1  .8176000000D+00 -.8610000000D-02  .1140592000D+03  .6630000000D-01  .3830000000D-03  .6337000000D+00 -.4401805000D+01 -.4146400000D+01 -.1375900000D+01 -.8270000000D+00  .1478000000D+00 -.2110000000D-02  .1881281000D+03  .8256000000D-01  .3570000000D-03  .1288000000D+00 -.6210160000D+01 -.4628900000D+01 -.1536300000D+01 -.1740700000D+01  .7020000000D-01 -.4070000000D-02  .1564374000D+03  .7318000000D-01  .3840000000D-03  .5354000000D+00 -.1622097000D+01 -.5674500000D+01 -.2345400000D+01 -.7565000000D+00
1   1220170124201710092457777.1  .8481000000D+00 -.6240000000D-02  .1071246000D+03  .2261800000D+00  .5720000000D-03  .6940000000D-01 -.2034525000D+01 -.2799000000D+01 -.6054500000D+01 -.2915400000D+01  .3673000000D+00 -.3800000000D-02  .1868261000D+03  .3086000000D-01  .8800000000D-04  .1730000000D-01 -.3915535000D+01 -.3228800000D+01 -.1457700000D+01 -.5690000000D+00  .7838000000D+00 -.6360000000D-02  .1635198000D+03  .1618400000D+00  .3620000000D-03  .1887000000D+00 -.5614689000D+01 -.2649400000D+01 -.5649100000D+01 -.4070800000D+01
1   1320171009201806242458035.1 -.5383000000D+00  .2850000000D-02  .1218052000D+03  .7837000000D-01  .5570000000D-03  .2375000000D+00 -.6085432000D+01 -.3109300000D+01 -.2604000000D+00 -.7641000000D+00  .2604000000D+00 -.2120000000D-02  .1887027000D+03  .8842000000D-01  .2680000000D-03  .7760000000D-01 -.1563525000D+01 -.3291600000D+01 -.2512000000D+00 -.4167100000D+01 -.5109000000D+00  .2610000000D-02  .1498845000D+03  .1073300000D+00  .5580000000D-03  .7140000000D-01 -.3261814000D+01 -.4015200000D+01 -.5681000000D+00 -.2238100000D+01
1   1420180624201903092458293.1 -.4634000000D+00  .4400000000D-03  .1366762000D+03  .8983000000D-01  .2280000000D-03  .6898000000D+00 -.3872788000D+01 -.1480500000D+01 -.4912400000D+01 -.6733000000D+00 -.3610000000D-01 -.8400000000D-03  .1896198000D+03  .4653000000D-01  .2530000000D-03  .2174000000D+00 -.5562121000D+01 -.3948300000D+01 -.8720000000D+00 -.1115100000D+01 -.5216000000D+00 -.8700000000D-03  .1353271000D+03  .7037000000D-01  .2220000000D-03  .7391000000D+00 -.9675110000D+00 -.4988000000D+00 -.2991000000D+01 -.7575000000D+00
1   1520190309201911222458551.1 -.1921000000D+00  .1550000000D-02  .1289505000D+03  .2021800000D+00  .6690000000D-03  .4500000000D-02 -.1555478000D+01 -.2051900000D+01 -.5251100000D+01 -.2848200000D+01  .8110000000D-01 -.1800000000D-02  .1889001000D+03  .2980000000D-01  .4300000000D-04  .1762000000D+00 -.3277500000D+01 -.2201800000D+01 -.6164600000D+01 -.9734000000D+00  .2403000000D+00 -.2720000000D-02  .1438600000D+03  .2079400000D+00  .6430000000D-03  .1587000000D+00 -.4976329000D+01 -.2100900000D+01 -.5164400000D+01 -.4278800000D+01
1   1620191122202008062458809.1 -.1168600000D+01  .8720000000D-02  .1344652000D+03  .8504000000D-01  .2720000000D-03  .1410000000D+00 -.5525907000D+01 -.7080000000D+00 -.5205700000D+01 -.6533000000D+00 -.1780000000D-01  .4000000000D-04  .1896739000D+03  .7397000000D-01  .2340000000D-03  .6980000000D-01 -.9422890000D+00 -.2529300000D+01 -.5732900000D+01 -.4637000000D+01 -.1089500000D+01  .7430000000D-02  .1374484000D+03  .3913000000D-01  .3740000000D-03  .2000000000D-02 -.2634553000D+01 -.4444800000D+01 -.6700000000D-02 -.3388300000D+01
1   1720200806202104212459067.1 -.9707000000D+00  .6550000000D-02  .1549256000D+03  .1685500000D+00  .6120000000D-03  .3915000000D+00 -.3321023000D+01 -.7797000000D+00 -.4074900000D+01 -.4395000000D+00 -.3687000000D+00  .2270000000D-02  .1904455000D+03  .1500000000D-01  .1640000000D-03  .1132000000D+00 -.4929731000D+01 -.2992900000D+01 -.7940000000D-01 -.7444000000D+00 -.1134500000D+01  .4770000000D-02  .1129731000D+03  .1738400000D+00  .5550000000D-03  .7326000000D+00 -.2955410000D+00 -.4912000000D+00 -.3524500000D+01 -.7135000000D+00
2   1820100101201008312455197.5 -.3704000000D+00 -.1810000000D-02  .7355460000D+02  .3262000000D+00  .7860000000D-03  .4458000000D+00 -.3338292000D+01 -.4567100000D+01 -.1422500000D+01 -.2688200000D+01 -.5043000000D+00 -.1110000000D-02  .2567390000D+03  .1031300000D+00  .1730000000D-03  .4193000000D+00 -.6184772000D+01 -.4509200000D+01 -.1242400000D+01 -.2232000000D+00  .1653600000D+01 -.2300000000D-02  .2654291000D+03  .4238000000D-01  .7800000000D-04  .7614000000D+00 -.1493717000D+01 -.4908200000D+01 -.9970000000D+00 -.1898700000D+01
2   1920100831201104302455439.5 -.3651000000D+00  .2480000000D-02  .8867800000D+02  .2328800000D+00  .1260000000D-02  .5781000000D+00 -.1178718000D+01 -.5242100000D+01 -.2125100000D+01 -.5275000000D+01 -.3314000000D+00 -.1390000000D-02  .2563081000D+03  .1352500000D+00  .5400000000D-03  .6486000000D+00 -.3636569000D+01 -.5291700000D+01 -.2175900000D+01 -.1893500000D+01  .1543300000D+01 -.3400000000D-03  .2604786000D+03  .9574000000D-01  .3520000000D-03  .5382000000D+00 -.5261866000D+01 -.5800000000D-02 -.2838500000D+01 -.3122000000D+01
2   2020110430201112282455681.5 -.1509800000D+01  .1032000000D-01  .9741230000D+02  .9727000000D-01  .5930000000D-03  .2048700000D+01 -.5120332000D+01 -.5200700000D+01 -.2307400000D+01 -.5655000000D+01 -.8468000000D+00  .2700000000D-02  .2570691000D+03  .8055000000D-01  .4590000000D-03  .1499000000D+00 -.1145126000D+01 -.5720800000D+01 -.2630300000D+01 -.3604400000D+01  .1111600000D+01  .2210000000D-02  .2563441000D+03  .4316000000D-01  .2640000000D-03  .7242000000D+00 -.2787742000D+01 -.7339000000D+00 -.3743100000D+01 -.4829400000D+01
2   2120111228201208262455923.5 -.1276100000D+01  .5960000000D-02  .8986050000D+02  .3351300000D+00  .7930000000D-03  .1128400000D+01 -.2499787000D+01 -.3570900000D+01 -.4831000000D+00 -.5835900000D+01 -.1095300000D+01  .2940000000D-02  .2558383000D+03  .9184000000D-01  .1490000000D-03  .7742000000D+00 -.4960988000D+01 -.3674100000D+01 -.8129000000D+00 -.5107100000D+01  .1073200000D+01  .1500000000D-03  .2612134000D+03  .9900000000D-01  .2290000000D-03  .4716000000D+00 -.3064310000D+00 -.3396100000D+01 -.6111500000D+01 -.5764900000D+01
2   2220120826201304252456165.5 -.3013000000D+00  .6500000000D-03  .1130039000D+03  .2411700000D+00  .1179000000D-02  .3043000000D+00 -.2619390000D+00 -.4063700000D+01 -.9799000000D+00 -.2796700000D+01 -.9778000000D+00  .1540000000D-02  .2578651000D+03  .1440400000D+00  .5140000000D-03  .8155000000D+00 -.2409674000D+01 -.4073800000D+01 -.9417000000D+00 -.5533000000D+01  .1486900000D+01 -.1540000000D-02  .2499240000D+03  .1052500000D+00  .4270000000D-03  .5949000000D+00 -.4075826000D+01 -.4774000000D+01 -.1361500000D+01 -.1451400000D+01
2   2320130425201312232456407.5 -.4280000000D+00  .4260000000D-02  .1201345000D+03  .1378500000D+00  .7820000000D-03  .7421000000D+00 -.4128467000D+01 -.4790400000D+01 -.1643600000D+01 -.5128100000D+01 -.7848000000D+00  .1250000000D-02  .2581022000D+03  .9977000000D-01  .4900000000D-03  .5813000000D+00 -.6215825000D+01 -.4754100000D+01 -.1611900000D+01 -.2220000000D-01  .1233900000D+01  .2080000000D-02  .2459688000D+03  .1003800000D+00  .4950000000D-03  .1077000000D+00 -.1607591000D+01 -.5549000000D+01 -.2303700000D+01 -.1006500000D+01
2   2420131223201408222456649.5 -.8941000000D+00  .6400000000D-02  .1122706000D+03  .2262700000D+00  .3690000000D-03  .1657100000D+01 -.1581895000D+01 -.2555100000D+01 -.6089500000D+01 -.5697200000D+01 -.9679000000D+00  .2000000000D-02  .2574993000D+03  .3682000000D-01  .1190000000D-03  .2874000000D+00 -.3737162000D+01 -.2878500000D+01 -.1530500000D+01 -.6843000000D+00  .6690000000D+00  .4870000000D-02  .2500280000D+03  .8539000000D-01  .6600000000D-04  .9254000000D+00 -.5401921000D+01 -.2401600000D+01 -.5119800000D+01 -.5178200000D+01
2   2520140822201504212456891.5 -.6156000000D+00  .2260000000D-02  .1392113000D+03  .2645700000D+00  .1188000000D-02  .5880000000D+00 -.5544615000D+01 -.3005500000D+01 -.6195500000D+01 -.1990000000D+00 -.1083800000D+01  .1970000000D-02  .2600668000D+03  .1200100000D+00  .3790000000D-03  .1985000000D+00 -.1194526000D+01 -.3027300000D+01 -.6254900000D+01 -.3523500000D+01  .1000700000D+01  .5400000000D-03  .2332680000D+03  .1636100000D+00  .6550000000D-03  .3982000000D+00 -.2883429000D+01 -.3327500000D+01 -.6281200000D+01 -.4958300000D+01
2   2620150421201512192457133.5  .2115000000D+00 -.2370000000D-02  .1421468000D+03  .1544100000D+00  .7580000000D-03  .8859000000D+00 -.3095402000D+01 -.3482700000D+01 -.3976000000D+00 -.2476000000D+01 -.9061000000D+00  .9000000000D-04  .2600754000D+03  .9478000000D-01  .4190000000D-03  .4315000000D+00 -.5007996000D+01 -.3544700000D+01 -.4215000000D+00 -.4492000000D+01  .1580500000D+01 -.3020000000D-02  .2317058000D+03  .1085900000D+00  .5170000000D-03  .4708000000D+00 -.4142400000D+00 -.3984800000D+01 -.8379000000D+00 -.2069600000D+01
2   2720151219201608172457375.5  .2227000000D+00 -.1310000000D-02  .1351592000D+03  .2047200000D+00  .2060000000D-03  .4434000000D+00 -.5640740000D+00 -.1254400000D+01 -.4432600000D+01 -.3792400000D+01 -.8866000000D+00  .3500000000D-03  .2599458000D+03  .5580000000D-02  .1620000000D-03  .7252000000D+00 -.2521294000D+01 -.2925600000D+01 -.1043800000D+01 -.5665300000D+01  .1418400000D+01  .2100000000D-03  .2366096000D+03  .1169200000D+00  .2480000000D-03  .3561000000D+00 -.4205665000D+01 -.7129000000D+00 -.2792900000D+01 -.8228000000D+00
2   2820160817201704162457617.5 -.3143000000D+00  .6600000000D-03  .1657018000D+03  .2351500000D+00  .9720000000D-03  .5026000000D+00 -.4485422000D+01 -.1876300000D+01 -.5098800000D+01 -.5535300000D+01 -.9709000000D+00  .1060000000D-02  .2619458000D+03  .6935000000D-01  .1530000000D-03  .6168000000D+00 -.6275542000D+01 -.1819200000D+01 -.5206100000D+01 -.2524000000D+00  .6993000000D+00  .3350000000D-02  .2135730000D+03  .1636600000D+00  .6210000000D-03  .4380000000D+00 -.1693489000D+01 -.2090400000D+01 -.5096900000D+01 -.5782300000D+01
2   2920170416201712142457859.5  .7190000000D-01 -.4520000000D-02  .1634705000D+03  .2289400000D+00  .9800000000D-03  .8013000000D+00 -.2016262000D+01 -.2386300000D+01 -.5544700000D+01 -.1948700000D+01 -.1039800000D+01 -.3500000000D-03  .2619128000D+03  .8932000000D-01  .3500000000D-03  .5565000000D+00 -.3811778000D+01 -.2438600000D+01 -.5595500000D+01 -.2203100000D+01  .1048100000D+01 -.1840000000D-02  .2147432000D+03  .2034200000D+00  .8650000000D-03  .4667000000D+00 -.5511506000D+01 -.2708000000D+01 -.5813000000D+01 -.3041100000D+01
2   3020171214201808132458101.5  .6021000000D+00 -.7470000000D-02  .1619322000D+03  .1784900000D+00  .2610000000D-03  .1503800000D+01 -.5782385000D+01 -.5063000000D+00 -.4458600000D+01 -.2395900000D+01 -.7919000000D+00 -.2390000000D-02  .2615145000D+03  .4143000000D-01  .1970000000D-03  .8582000000D+00 -.1313104000D+01 -.2335700000D+01 -.5790900000D+01 -.2984500000D+01  .1935100000D+01 -.7210000000D-02  .2162019000D+03  .9709000000D-01  .7700000000D-04  .9984000000D+00 -.3017140000D+01 -.6250300000D+01 -.4876000000D+00 -.2688300000D+01
2   3120180813201904122458343.5  .1352000000D+00 -.3000000000D-02  .1914917000D+03  .2403500000D+00  .9180000000D-03  .7744000000D+00 -.3404153000D+01 -.7491000000D+00 -.3971800000D+01 -.2944300000D+01 -.8630000000D+00 -.1790000000D-02  .2643023000D+03  .4881000000D-01  .7300000000D-04  .3798000000D+00 -.5085528000D+01 -.7689000000D+00 -.4541300000D+01 -.4353800000D+01  .1386600000D+01 -.2410000000D-02  .1874761000D+03  .2200400000D+00  .7850000000D-03  .2248000000D+00 -.4923000000D+00 -.7083000000D+00 -.3713700000D+01 -.1760300000D+01
2   3220190412201912102458585.5 -.4023000000D+00 -.2250000000D-02  .1858291000D+03  .2372100000D+00  .9530000000D-03  .3422000000D+00 -.9190910000D+00 -.1422200000D+01 -.4585800000D+01 -.3734900000D+01 -.1204300000D+01  .3200000000D-03  .2641648000D+03  .5085000000D-01  .1660000000D-03  .6764000000D+00 -.2623375000D+01 -.1234300000D+01 -.4458900000D+01 -.5977100000D+01  .6376000000D+00  .8000000000D-04  .1934331000D+03  .2405900000D+00  .9460000000D-03  .3346000000D+00 -.4313509000D+01 -.1482500000D+01 -.4611300000D+01 -.8037000000D+00
2   3320191210202008082458827.5  .3830000000D-01 -.6990000000D-02  .1877112000D+03  .8051000000D-01  .3760000000D-03  .9643000000D+00 -.4709799000D+01 -.6109600000D+01 -.4666500000D+01 -.2343600000D+01 -.1173400000D+01 -.6600000000D-03  .2640553000D+03  .6337000000D-01  .2220000000D-03  .5038000000D+00 -.1198570000D+00 -.1644600000D+01 -.4898400000D+01 -.1351500000D+01  .1000300000D+01 -.5750000000D-02  .1913286000D+03  .4091000000D-01  .5070000000D-03  .1168900000D+01 -.1808406000D+01 -.3908600000D+01 -.5397500000D+01 -.2518100000D+01
2   3420200808202104072459069.5  .1476000000D+00 -.6260000000D-02  .2125904000D+03  .1918200000D+00  .7260000000D-03  .1334400000D+01 -.2304713000D+01 -.6199200000D+01 -.3191100000D+01 -.2258900000D+01 -.1065200000D+01 -.2450000000D-02  .2654693000D+03  .2767000000D-01  .2130000000D-03  .1020600000D+01 -.3918545000D+01 -.1779900000D+01 -.5201600000D+01 -.2548000000D+01  .1404500000D+01 -.7090000000D-02  .1608318000D+03  .2028200000D+00  .6500000000D-03  .1456800000D+01 -.5562111000D+01 -.6016400000D+01 -.2821000000D+01 -.2819300000D+01
3   3520100101201008122455197.5 -.4356000000D+00  .4310000000D-02  .1220281000D+03  .5381900000D+00  .1252000000D-02  .3036000000D+00  .4751860000D+01  .3476600000D+01  .3395000000D+00 -.4310000000D+01  .8144000000D+00  .3900000000D-02  .4205683000D+03  .2157400000D+00  .3720000000D-03  .2910000000D+00  .1899859000D+01  .3508600000D+01  .4501000000D+00 -.2112000000D+00 -.6873000000D+00  .5800000000D-03  .4355465000D+03  .9870000000D-01  .1270000000D-03  .5938000000D+00  .3075490000D+00  .2777300000D+01  .1460000000D+00 -.1763600000D+01
3   3620100812201103232455420.5  .1664000000D+00 -.1550000000D-02  .1497164000D+03  .4668800000D+00  .2111000000D-02  .5642000000D+00  .1954181000D+01  .4198600000D+01  .1060700000D+01 -.3649800000D+01  .1374000000D+01 -.2110000000D-02  .4211636000D+03  .1899200000D+00  .8340000000D-03  .4787000000D+00  .5827369000D+01  .4183900000D+01  .1043400000D+01 -.5001400000D+01 -.9684000000D+00  .1850000000D-02  .4253275000D+03  .1263400000D+00  .5360000000D-03  .3351000000D+00  .4198031000D+01  .3508100000D+01  .4328000000D+00 -.6140700000D+01
3   3720110323201111012455643.5 -.1225000000D+00 -.4700000000D-03  .1498824000D+03  .4529200000D+00  .2040000000D-02  .2043000000D+00  .5810639000D+01  .4951500000D+01  .1801300000D+01 -.3258000000D+01  .1119400000D+01 -.6000000000D-04  .4206931000D+03  .2362800000D+00  .9330000000D-03  .7482000000D+00  .3400247000D+01  .4918400000D+01  .1785000000D+01 -.3819600000D+01 -.5535000000D+00 -.6200000000D-03  .4256590000D+03  .1765300000D+00  .7150000000D-03  .3958000000D+00  .1767139000D+01  .4224300000D+01  .1221600000D+01 -.4609900000D+01
3   3820111101201206112455866.5 -.8990000000D+00  .6160000000D-02  .1483598000D+03  .1975000000D-01  .1122000000D-02  .8250000000D-01  .3398741000D+01  .3283300000D+01  .2454700000D+01 -.4842000000D+01  .7556000000D+00  .2440000000D-02  .4213356000D+03  .1985000000D-01  .5860000000D-03  .4962000000D+00  .9878250000D+00  .5340200000D+01  .2452200000D+01 -.2243900000D+01 -.9605000000D+00  .2540000000D-02  .4250361000D+03  .3661000000D-01  .5340000000D-03  .3032000000D+00  .5640711000D+01  .4610700000D+01  .1893600000D+01 -.4149500000D+01
3   3920120611201301202456089.5 -.7095000000D+00  .7610000000D-02  .1916043000D+03  .2043100000D+00  .1990000000D-03  .2198000000D+00  .7302230000D+00  .3151000000D+01  .7830000000D-01 -.4982500000D+01  .9045000000D+00  .3370000000D-02  .4227870000D+03  .3171000000D-01  .1310000000D-03  .5303000000D+00  .4906949000D+01  .3436200000D+01  .2879600000D+01 -.6268000000D+00 -.7798000000D+00  .1920000000D-02  .4062083000D+03  .7262000000D-01  .1980000000D-03  .4961000000D+00  .3237608000D+01  .3553200000D+01  .1438800000D+01 -.2746800000D+01
3   4020130120201308312456312.5  .5100000000D-01  .1910000000D-02  .1677321000D+03  .5282300000D+00  .1362000000D-02  .3646000000D+00  .4721791000D+01  .3881900000D+01  .7190000000D+00 -.3874100000D+01  .1203300000D+01  .5400000000D-03  .4213707000D+03  .1989300000D+00  .4030000000D-03  .3845000000D+00  .2456914000D+01  .3901400000D+01  .7390000000D+00 -.5498600000D+01 -.7263000000D+00  .2680000000D-02  .4193260000D+03  .2254700000D+00  .5070000000D-03  .3346000000D+00  .8044950000D+00  .3578300000D+01  .6021000000D+00 -.8164000000D+00
3   4120130831201404112456535.5  .2951000000D+00 -.2290000000D-02  .2058967000D+03  .4288200000D+00  .2056000000D-02  .3339000000D+00  .2126569000D+01  .4647900000D+01  .1496300000D+01 -.3402000000D+01  .1342200000D+01 -.8500000000D-03  .4245159000D+03  .1745100000D+00  .7880000000D-03  .8666000000D+00  .9171200000D-01  .4657100000D+01  .1524800000D+01 -.4092600000D+01 -.4963000000D+00  .0000000000D+00  .3982881000D+03  .2051500000D+00  .9710000000D-03  .3271000000D+00  .4697336000D+01  .4260000000D+01  .1170200000D+01 -.5076500000D+01
3   4220140411201411202456758.5 -.2148000000D+00  .1430000000D-02  .2101649000D+03  .3938600000D+00  .1900000000D-02  .1925000000D+00  .5964832000D+01  .5376300000D+01  .2216700000D+01 -.3471000000D+01  .1145900000D+01 -.6000000000D-04  .4250570000D+03  .1790200000D+00  .7240000000D-03  .4344000000D+00  .3951410000D+01  .5411600000D+01  .2238400000D+01 -.2525900000D+01 -.4888000000D+00  .5400000000D-03  .3955797000D+03  .2440000000D+00  .1099000000D-02  .4106000000D+00  .2269375000D+01  .4961100000D+01  .1917900000D+01 -.4494100000D+01
3   4320141120201507012456981.5 -.7448000000D+00  .7080000000D-02  .2045262000D+03  .9360000000D-01  .7520000000D-03  .2570000000D+00  .3569348000D+01  .2901400000D+01  .2890700000D+01 -.5741200000D+01  .9631000000D+00  .2240000000D-02  .4248922000D+03  .9320000000D-02  .4190000000D-03  .3325000000D+00  .1533543000D+01  .4192300000D+01  .2840300000D+01 -.1221000000D+01 -.8698000000D+00  .3740000000D-02  .3980213000D+03  .3284000000D-01  .6720000000D-03  .5519000000D+00  .6140225000D+01  .3999900000D+01  .2471500000D+01 -.3132400000D+01
3   4420150701201602092457204.5 -.1754000000D+00  .4820000000D-02  .2533343000D+03  .2495900000D+00  .4960000000D-03  .3132000000D+00  .9985350000D+00  .3478500000D+01  .3022000000D+00 -.4276800000D+01  .1111000000D+01  .1840000000D-02  .4282629000D+03  .1995000000D-01  .8500000000D-04  .6020000000D+00  .5440060000D+01  .3344500000D+01  .3756800000D+01 -.2224000000D+00 -.5548000000D+00  .3460000000D-02  .3646609000D+03  .1408100000D+00  .2590000000D-03  .1667000000D+00  .3744425000D+01  .3689600000D+01  .9475000000D+00 -.1630600000D+01
3   4520160209201609192457427.5  .3916000000D+00 -.5300000000D-03  .2293300000D+03  .4967900000D+00  .1376000000D-02  .2360000000D+00  .4929083000D+01  .4309100000D+01  .1127400000D+01 -.3427400000D+01  .1274100000D+01  .1200000000D-03  .4260363000D+03  .1515900000D+00  .3160000000D-03  .7074000000D+00  .2999527000D+01  .4313800000D+01  .1088800000D+01 -.4378300000D+01 -.2278000000D+00  .8000000000D-03  .3831736000D+03  .3436900000D+00  .9060000000D-03  .2188000000D+00  .1306466000D+01  .4142300000D+01  .1071300000D+01 -.5976200000D+01
3   4620160919201704302457650.5  .1959000000D+00 -.1300000000D-02  .2659281000D+03  .3839300000D+00  .1964000000D-02  .3041000000D+00  .2424475000D+01  .5063900000D+01  .1905700000D+01 -.3214900000D+01  .1343700000D+01 -.1070000000D-02  .4291969000D+03  .1129400000D+00  .5230000000D-03  .3882000000D+00  .6178150000D+00  .5097900000D+01  .1920400000D+01 -.3182100000D+01 -.1637000000D+00 -.8600000000D-03  .3541649000D+03  .2854600000D+00  .1428000000D-02  .4503000000D+00  .5201205000D+01  .4921100000D+01  .1806200000D+01 -.4820700000D+01
3   4720170430201712092457873.5 -.2110000000D+00  .2620000000D-02  .2747777000D+03  .3157900000D+00  .1643000000D-02  .1926000000D+00  .6260181000D+01  .5788300000D+01  .2611100000D+01 -.5742200000D+01  .1158700000D+01 -.1600000000D-03  .4301430000D+03  .1207500000D+00  .4810000000D-03  .3688000000D+00  .4479348000D+01  .5820600000D+01  .2625700000D+01 -.1848400000D+01 -.5439000000D+00  .2980000000D-02  .3468034000D+03  .2908400000D+00  .1438000000D-02  .3969000000D+00  .2779363000D+01  .5550500000D+01  .2472900000D+01 -.3411200000D+01
3   4820171209201807202458096.5 -.4658000000D+00  .6120000000D-02  .2658903000D+03  .1505000000D+00  .4190000000D-03  .2312000000D+00  .3867991000D+01  .3203900000D+01  .3367900000D+01 -.5070000000D+01  .1015000000D+01  .2090000000D-02  .4297844000D+03  .5690000000D-02  .2490000000D-03  .5057000000D+00  .2061959000D+01  .2060500000D+01  .3415500000D+01 -.4749000000D+00 -.5460000000D+00  .4370000000D-02  .3542533000D+03  .8733000000D-01  .6050000000D-03  .2148000000D+00  .3621310000D+00  .3549000000D+01  .3013300000D+01 -.2678800000D+01
3   4920180720201902282458319.5  .3567000000D+00  .1310000000D-02  .3132501000D+03  .2579600000D+00  .6450000000D-03  .3546000000D+00  .1347257000D+01  .3855700000D+01  .6518000000D+00 -.4031300000D+01  .1294400000D+01 -.2300000000D-03  .4337128000D+03  .1838000000D-01  .8000000000D-04  .5278000000D+00  .5948551000D+01  .2723600000D+01  .4846600000D+01 -.4930100000D+01 -.5070000000D-01  .1960000000D-02  .3083394000D+03  .2167300000D+00  .5150000000D-03  .1451000000D+00  .4263488000D+01  .4054600000D+01  .9990000000D+00 -.5165000000D+00
3   5020190228201910092458542.5  .4462000000D+00 -.1250000000D-02  .2925021000D+03  .4541700000D+00  .1364000000D-02  .3998000000D+00  .5247623000D+01  .4709000000D+01  .1512300000D+01 -.3003800000D+01  .1283500000D+01 -.3000000000D-03  .4321586000D+03  .6543000000D-01  .8900000000D-04  .3544000000D+00  .3517769000D+01  .4718700000D+01  .1098700000D+01 -.3473200000D+01  .3746000000D+00 -.2490000000D-02  .3306455000D+03  .4507900000D+00  .1265000000D-02  .4069000000D+00  .1822108000D+01  .4721400000D+01  .1621300000D+01 -.5357700000D+01
3   5120191009202005192458765.5  .2720000000D+00 -.1540000000D-02  .3233711000D+03  .3233600000D+00  .1757000000D-02  .2402000000D+00  .2781360000D+01  .5463700000D+01  .2298000000D+01 -.6407000000D+00  .1176400000D+01 -.7700000000D-03  .4340088000D+03  .4450000000D-01  .1890000000D-03  .2501000000D+00  .1117306000D+01  .5357600000D+01  .2073600000D+01 -.2152000000D+01 -.2330000000D+00  .1350000000D-02  .2965047000D+03  .3428200000D+00  .1852000000D-02  .5262000000D+00  .5720661000D+01  .5438100000D+01  .2314000000D+01 -.3880300000D+01
3   5220200519202012282458988.5 -.4202000000D+00  .5160000000D-02  .3355234000D+03  .2234400000D+00  .1285000000D-02  .3221000000D+00  .3316360000D+00  .6210100000D+01  .2983000000D+01 -.5422500000D+01  .1180600000D+01  .4400000000D-03  .4344568000D+03  .5889000000D-01  .1830000000D-03  .3690000000D+00  .4974707000D+01  .6238800000D+01  .2890400000D+01 -.1291600000D+01 -.2390000000D+00  .3060000000D-02  .2820388000D+03  .3067200000D+00  .1631000000D-02  .2261000000D+00  .3305240000D+01  .6073200000D+01  .2981300000D+01 -.1989600000D+01
3   5320201228202108082459211.5  .3680000000D-01  .2880000000D-02  .3248692000D+03  .1800700000D+00  .1660000000D-03  .3430000000D+00  .4222392000D+01  .3547400000D+01  .4062100000D+01 -.4328800000D+01  .1103900000D+01  .2000000000D-04  .4342569000D+03  .2332000000D-01  .1140000000D-03  .4560000000D+00  .2561742000D+01  .1184800000D+01  .3939100000D+01 -.5636500000D+01 -.2432000000D+00  .4610000000D-02  .2941613000D+03  .1593200000D+00  .4540000000D-03  .2117000000D+00  .8805220000D+00  .3814900000D+01  .3629100000D+01 -.8666000000D+00
4   5420100101201007262455197.4 -.2592000000D+00  .4700000000D-02  .1618529000D+03  .6526300000D+00  .1301000000D-02  .3557000000D+00  .4438119000D+01  .3177100000D+01  .2320000000D-01  .4946500000D+01 -.3733000000D+00  .3310000000D-02  .5623685000D+03  .2603600000D+00  .4370000000D-03  .4912000000D+00  .1597240000D+01  .3165900000D+01  .1040000000D-01  .5939600000D+01 -.1310300000D+01  .8100000000D-03  .5823074000D+03  .1109100000D+00  .1000000000D-03  .6582000000D+00  .4774000000D-02  .2498500000D+01  .5962200000D+01  .5115900000D+01
4   5520100726201102172455403.4  .2839000000D+00 -.6600000000D-03  .2031986000D+03  .5989100000D+00  .2327000000D-02  .8189000000D+00  .5942927000D+01  .1952300000D+01  .5084000000D+01  .6206000000D+01  .1080000000D-01 -.1200000000D-03  .5631814000D+03  .2512600000D+00  .8840000000D-03  .1273000000D+00  .3553189000D+01  .1937600000D+01  .5080400000D+01  .5182600000D+01 -.8077000000D+00 -.1580000000D-02  .5682435000D+03  .1437500000D+00  .5030000000D-03  .5661000000D+00  .1918326000D+01  .1330100000D+01  .4590900000D+01  .2458900000D+01
4   5620110217201109112455609.4  .5274000000D+00 -.1860000000D-02  .1871370000D+03  .7581800000D+00  .2613000000D-02  .1622000000D+00  .1652947000D+01  .6543000000D+00  .3791300000D+01  .4692000000D+00  .2293000000D+00 -.6700000000D-03  .5629245000D+03  .3246300000D+00  .1062000000D-02  .5527000000D+00  .5420246000D+01  .6738000000D+00  .3812200000D+01  .1615200000D+01 -.1132000000D+01 -.7300000000D-03  .5746104000D+03  .2313200000D+00  .7650000000D-03  .4070000000D+00  .3799267000D+01  .1468000000D+00  .3337300000D+01  .6120900000D+01
4   5720110911201204042455815.4  .3738000000D+00 -.5000000000D-03  .2158169000D+03  .5380500000D+00  .3044000000D-02  .1347000000D+00  .3367921000D+01  .5703700000D+01  .2548700000D+01  .6056400000D+01 -.1324000000D+00  .8300000000D-03  .5638076000D+03  .2527200000D+00  .1312000000D-02  .5041000000D+00  .1068543000D+01  .5706300000D+01  .2549700000D+01  .5511300000D+01 -.1057400000D+01 -.2800000000D-03  .5626066000D+03  .1792800000D+00  .9780000000D-03  .5642000000D+00  .5706749000D+01  .5124800000D+01  .2065300000D+01  .3253200000D+01
4   5820120404201210272456021.4  .4552000000D+00 -.1540000000D-02  .2260457000D+03  .5757500000D+00  .2809000000D-02  .1567000000D+00  .5204144000D+01  .4450000000D+01  .1302400000D+01  .5484200000D+01  .1618000000D+00  .5100000000D-03  .5646510000D+03  .2577400000D+00  .1213000000D-02  .6444000000D+00  .2965990000D+01  .4455400000D+01  .1311100000D+01  .2655100000D+01 -.1054500000D+01 -.7400000000D-03  .5575879000D+03  .2394900000D+00  .1140000000D-02  .3061000000D+00  .1313843000D+01  .3963300000D+01  .8736000000D+00  .1650000000D+01
4   5920121027201305212456227.4  .6367000000D+00 -.2380000000D-02  .2260515000D+03  .1322000000D+00  .2066000000D-02  .6972000000D+00  .8186630000D+00  .3239900000D+01  .3700000000D-01  .2253700000D+01  .5600000000D-01 -.6500000000D-03  .5646573000D+03  .9182000000D-01  .9590000000D-03  .5067000000D+00  .4861383000D+01  .3185200000D+01  .3380000000D-01  .5631000000D+00 -.1150800000D+01 -.6100000000D-03  .5572824000D+03  .8701000000D-01  .9520000000D-03  .2394000000D+00  .3210416000D+01  .2520300000D+01  .5890700000D+01  .4297300000D+01
4   6020130521201312132456433.4  .2424000000D+00  .1280000000D-02  .2709027000D+03  .1511500000D+00  .1578000000D-02  .3217000000D+00  .2550644000D+01  .1969200000D+01  .5071100000D+01  .3171200000D+01  .8220000000D-01  .1180000000D-02  .5674612000D+03  .9227000000D-01  .7590000000D-03  .4721000000D+00  .5070380000D+00  .1961600000D+01  .5087400000D+01  .3244600000D+01 -.1123800000D+01  .1350000000D-02  .5342746000D+03  .8676000000D-01  .8000000000D-03  .8645000000D+00  .5115121000D+01  .1352300000D+01  .4623800000D+01  .2726500000D+01
4   6120131213201407072456639.4 -.1195000000D+00  .6230000000D-02  .2449452000D+03  .3255900000D+00  .3020000000D-03  .6482000000D+00  .4527500000D+01  .3740800000D+01  .4007600000D+01  .4081500000D+01 -.1633000000D+00  .3340000000D-02  .5654576000D+03  .9508000000D-01  .2420000000D-03  .2642000000D+00  .2377499000D+01  .3698800000D+01  .4011500000D+01  .1752700000D+01 -.1419700000D+01  .2000000000D-02  .5488337000D+03  .1255000000D+00  .3430000000D-03  .5576000000D+00  .7147730000D+00  .3646000000D+01  .3373500000D+01  .5788600000D+01
4   6220140707201501292456845.4  .2958000000D+00  .1900000000D-02  .3098562000D+03  .3356700000D+00  .6530000000D-03  .9339000000D+00  .6240598000D+01  .2508500000D+01  .5593500000D+01  .5911900000D+01  .9130000000D-01  .4500000000D-03  .5704995000D+03  .9436000000D-01  .6300000000D-04  .8174000000D+00  .4321622000D+01  .2527400000D+01  .5416500000D+01  .5686100000D+01 -.9830000000D+00  .1300000000D-03  .5093813000D+03  .1825500000D+00  .3420000000D-03  .1963000000D+00  .2631277000D+01  .2454200000D+01  .5928600000D+01  .3994000000D+01
4   6320150129201508232457051.4  .8827000000D+00 -.2790000000D-02  .2763901000D+03  .6234800000D+00  .1418000000D-02  .4956000000D+00  .1926010000D+01  .1249800000D+01  .4368400000D+01  .6166500000D+01  .3600000000D+00  .5000000000D-04  .5682232000D+03  .2009400000D+00  .3920000000D-03  .4245000000D+00  .6186713000D+01  .1290800000D+01  .4394900000D+01  .2387700000D+01 -.9874000000D+00 -.1250000000D-02  .5316644000D+03  .3514100000D+00  .7170000000D-03  .6372000000D+00  .4508232000D+01  .1108000000D+01  .4308700000D+01  .8493000000D+00
4   6420150823201603162457257.4  .9279000000D+00 -.2840000000D-02  .3344110000D+03  .5742500000D+00  .2392000000D-02  .3749000000D+00  .3689733000D+01  .6274300000D+01  .3115100000D+01  .2128800000D+01  .2417000000D+00 -.1160000000D-02  .5733093000D+03  .1921400000D+00  .7120000000D-03  .7151000000D+00  .1839428000D+01  .1920000000D-01  .3147600000D+01  .3616000000D+00 -.8326000000D+00 -.2050000000D-02  .4911585000D+03  .3621600000D+00  .1472000000D-02  .1423000000D+00  .1440070000D+00  .6117600000D+01  .3018300000D+01  .4077700000D+01
4   6520160316201610082457463.4  .5474000000D+00  .1800000000D-03  .3183506000D+03  .6790700000D+00  .2503000000D-02  .1837000000D+00  .5606669000D+01  .5032100000D+01  .1876800000D+01  .4801800000D+01  .4756000000D+00 -.5600000000D-03  .5716595000D+03  .2050500000D+00  .6950000000D-03  .3846000000D+00  .3716299000D+01  .5066500000D+01  .1906600000D+01  .3620800000D+01 -.1104400000D+01  .1160000000D-02  .5033703000D+03  .4835800000D+00  .1758000000D-02  .6701000000D+00  .2024320000D+01  .4896400000D+01  .1775500000D+01  .2693500000D+01
4   6620161008201705022457669.4  .8025000000D+00 -.1290000000D-02  .3473348000D+03  .4252500000D+00  .2652000000D-02  .5112000000D+00  .1166226000D+01  .3791600000D+01  .6288000000D+00  .3049800000D+01  .1508000000D+00  .6100000000D-03  .5739758000D+03  .1505200000D+00  .7960000000D-03  .4137000000D+00  .5630677000D+01  .3837700000D+01  .6571000000D+00  .1203600000D+01 -.1166600000D+01  .4000000000D-04  .4802683000D+03  .3192000000D+00  .1939000000D-02  .3956000000D+00  .3933858000D+01  .3590000000D+01  .5012000000D+00  .3899000000D+00
4   6720170502201711242457875.4  .6382000000D+00 -.2000000000D-04  .3656787000D+03  .4555700000D+00  .2373000000D-02  .2937000000D+00  .3020828000D+01  .2520100000D+01  .5638500000D+01  .1341800000D+01  .3379000000D+00 -.2000000000D-04  .5758631000D+03  .1336500000D+00  .6410000000D-03  .4416000000D+00  .1243008000D+01  .2579000000D+01  .5685000000D+01  .5648200000D+01 -.8687000000D+00 -.1000000000D-03  .4648500000D+03  .3989500000D+00  .2038000000D-02  .6412000000D+00  .5828148000D+01  .2375100000D+01  .5533400000D+01  .2970800000D+01
4   6820171124201806182458081.4  .4481000000D+00  .3410000000D-02  .3602964000D+03  .4618000000D-01  .1588000000D-02  .6422000000D+00  .4926997000D+01  .1764000000D+01  .4417600000D+01  .3860400000D+01  .3242000000D+00  .8600000000D-03  .5749994000D+03  .4424000000D-01  .4710000000D-03  .4635000000D+00  .3135766000D+01  .1601300000D+01  .4518800000D+01  .3041500000D+01 -.1475400000D+01  .4010000000D-02  .4690201000D+03  .7407000000D-01  .1492000000D-02  .1446000000D+00  .1439079000D+01  .8489000000D+00  .4282100000D+01  .1147700000D+01
4   6920180618201901102458287.4  .5260000000D+00  .2740000000D-02  .4101544000D+03  .4760000000D-01  .9900000000D-03  .4387000000D+00  .4559870000D+00  .5578000000D+00  .3226100000D+01  .5342000000D+01  .2307000000D+00  .4300000000D-03  .5787373000D+03  .5054000000D-01  .3710000000D-03  .7896000000D+00  .5043773000D+01  .1519000000D+00  .3251400000D+01  .6910000000D-01 -.1197200000D+01  .3520000000D-02  .4211903000D+03  .6057000000D-01  .9950000000D-03  .7215000000D+00  .3355462000D+01  .5820700000D+01  .2971800000D+01  .5147900000D+01
4   7020190110201908042458493.4  .9259000000D+00 -.8300000000D-03  .3817096000D+03  .3469700000D+00  .6400000000D-04  .8491000000D+00  .2389075000D+01  .1808700000D+01  .4284100000D+01  .6053200000D+01  .5337000000D+00  .0000000000D+00  .5770189000D+03  .4028000000D-01  .6700000000D-04  .4195000000D+00  .6445220000D+00  .1559200000D+01  .2534000000D+01  .4110500000D+01 -.8794000000D+00 -.3600000000D-03  .4500778000D+03  .2924300000D+00  .2100000000D-03  .3904000000D+00  .5232256000D+01  .1931900000D+01  .1302300000D+01  .4605000000D+00
4   7120190804202002262458699.4  .1500200000D+01 -.5620000000D-02  .4428590000D+03  .3367300000D+00  .8750000000D-03  .4075000000D+00  .4196930000D+01  .4984000000D+00  .3542800000D+01  .2302700000D+01  .3687000000D+00 -.9700000000D-03  .5816394000D+03  .2442000000D-01  .8800000000D-04  .3754000000D+00  .2552915000D+01  .6193500000D+01  .1550400000D+01  .9251000000D+00 -.3733000000D+00 -.4930000000D-02  .3834818000D+03  .3426300000D+00  .8350000000D-03  .7782000000D+00  .8834770000D+00  .6193000000D+00  .3811100000D+01  .6923000000D+00
4   7220200226202009192458905.4  .9594000000D+00 -.1270000000D-02  .4142974000D+03  .5636900000D+00  .1473000000D-02  .3496000000D+00  .6123464000D+01  .5570000000D+01  .2405300000D+01  .1675800000D+01  .4726000000D+00  .3300000000D-03  .5795742000D+03  .4699000000D-01  .1060000000D-03  .4540000000D+00  .4436572000D+01  .5252000000D+01  .1760500000D+01  .5341500000D+01 -.7577000000D+00 -.9000000000D-04  .4174170000D+03  .6020700000D+00  .1478000000D-02  .7516000000D+00  .2750282000D+01  .5667700000D+01  .2555800000D+01  .2991900000D+01
4   7320200919202104132459111.4  .8510000000D+00  .1170000000D-02  .4621968000D+03  .4676300000D+00  .2116000000D-02  .7375000000D+00  .1674687000D+01  .4332500000D+01  .1165000000D+01  .3667300000D+01  .3540000000D+00  .4100000000D-03  .5823298000D+03  .3145000000D-01  .9800000000D-04  .3982000000D+00  .5555300000D-01  .4062000000D+01  .1690000000D+00  .3297300000D+01 -.1098200000D+01  .1360000000D-02  .3583225000D+03  .5394800000D+00  .2382000000D-02  .1959000000D+00  .4685287000D+01  .4406200000D+01  .1282700000D+01  .2254300000D+01
5   7420100101201002112455197.0 -.7120000000D-01  .1800000000D-03  .4464790000D+02  .2210650000D+01  .3536700000D-01  .1932000000D+00  .1778805000D+01  .2130000000D-01  .4104600000D+01 -.3294300000D+01  .5140000000D-01 -.3600000000D-03  .1271107000D+03  .6189940000D+01  .1023120000D+00  .3686000000D+00  .5469862000D+01  .3749300000D+01  .1523800000D+01 -.1281000000D+00  .2654000000D+00 -.1310000000D-02  .1344505000D+03  .7065880000D+01  .1084970000D+00  .3690000000D+00  .3873768000D+01  .2057500000D+01  .5998500000D+01 -.2166000000D+00
5   7520100211201003242455238.0 -.8180000000D-01  .1200000000D-03  .4690110000D+02  .2358150000D+01  .3768400000D-01  .2129000000D+00  .1749219000D+01  .6275900000D+01  .4069500000D+01 -.3317900000D+01  .4300000000D-01 -.8500000000D-03  .1268226000D+03  .6150360000D+01  .1015990000D+00  .3409000000D+00  .5508520000D+01  .3793600000D+01  .1567100000D+01 -.9480000000D-01  .2292000000D+00  .5000000000D-04  .1337352000D+03  .6957550000D+01  .1060740000D+00  .3751000000D+00  .3900853000D+01  .2084000000D+01  .6028200000D+01 -.2870000000D+00
5   7620100324201005042455279.0 -.9020000000D-01  .2900000000D-03  .5002990000D+02  .2491110000D+01  .3918900000D-01  .2250000000D+00  .1711029000D+01  .6235000000D+01  .4025200000D+01 -.3312000000D+01  .1230000000D-01 -.2000000000D-03  .1265841000D+03  .6132860000D+01  .1015650000D+00  .3128000000D+00  .5561821000D+01  .3853200000D+01  .1623900000D+01 -.1227000000D+00  .2448000000D+00 -.1040000000D-02  .1326293000D+03  .6814320000D+01  .1029480000D+00  .3756000000D+00  .3938378000D+01  .2121100000D+01  .6072400000D+01 -.2072000000D+00
5   7720100504201006142455320.0 -.8710000000D-01  .3100000000D-03  .5303020000D+02  .2578830000D+01  .3974900000D-01  .2259000000D+00  .1696407000D+01  .6213600000D+01  .3999800000D+01 -.3318400000D+01  .1030000000D-01 -.9000000000D-03  .1264107000D+03  .6159790000D+01  .1025980000D+00  .2860000000D+00  .5626160000D+01  .3921800000D+01  .1685700000D+01 -.5020000000D-01  .2205000000D+00  .6000000000D-04  .1314222000D+03  .6686500000D+01  .1003090000D+00  .3869000000D+00  .3987277000D+01  .2171200000D+01  .6131300000D+01 -.2620000000D+00
5   7820100614201007252455361.0 -.7730000000D-01  .3300000000D-03  .5487100000D+02  .2588020000D+01  .3909500000D-01  .2169000000D+00  .1718329000D+01  .6225400000D+01  .4009700000D+01 -.3317500000D+01 -.2980000000D-01  .2000000000D-03  .1263218000D+03  .6224050000D+01  .1043990000D+00  .2536000000D+00  .5692458000D+01  .3988800000D+01  .1744000000D+01 -.1096000000D+00  .2505000000D+00 -.8800000000D-03  .1307536000D+03  .6613530000D+01  .9871900000D-01  .4114000000D+00  .4042390000D+01  .2227300000D+01  .6197000000D+01 -.2022000000D+00
5   7920100725201009042455402.0 -.6710000000D-01  .5300000000D-03  .5485490000D+02  .2519250000D+01  .3766700000D-01  .1997000000D+00  .1778629000D+01  .6279200000D+01  .4065200000D+01 -.3293900000D+01 -.1720000000D-01 -.9200000000D-03  .1262210000D+03  .6316640000D+01  .1067380000D+00  .2370000000D+00  .5751199000D+01  .4045000000D+01  .1789500000D+01 -.6275800000D+01  .2528000000D+00 -.1800000000D-03  .1309345000D+03  .6624930000D+01  .9887200000D-01  .4415000000D+00  .4097202000D+01  .2282500000D+01  .6258700000D+01 -.2288000000D+00
5   8020100904201010152455443.0 -.4700000000D-01  .1900000000D-03  .5318040000D+02  .2411480000D+01  .3636100000D-01  .1801000000D+00  .1868116000D+01  .9090000000D-01  .4170500000D+01 -.3315700000D+01 -.4160000000D-01  .3400000000D-03  .1261214000D+03  .6398500000D+01  .1086480000D+00  .2268000000D+00  .5794532000D+01  .4084300000D+01  .1820400000D+01 -.1095000000D+00  .2750000000D+00 -.6700000000D-03  .1319757000D+03  .6700570000D+01  .1000640000D+00  .4676000000D+00  .4143755000D+01  .2325500000D+01  .2030000000D-01 -.2070000000D+00
5   8120101015201011252455484.0 -.4420000000D-01  .4200000000D-03  .5102540000D+02  .2351450000D+01  .3669600000D-01  .1703000000D+00  .1965143000D+01  .2084000000D+00  .4297000000D+01 -.3257900000D+01 -.1390000000D-01 -.8700000000D-03  .1259639000D+03  .6444800000D+01  .1096110000D+00  .2339000000D+00  .5822292000D+01  .4109500000D+01  .1839500000D+01 -.6273100000D+01  .2738000000D+00 -.4900000000D-03  .1331577000D+03  .6786460000D+01  .1013920000D+00  .4813000000D+00  .4178549000D+01  .2354500000D+01  .4710000000D-01 -.2182000000D+00
5   8220101125201101052455525.0 -.3630000000D-01 -.7000000000D-04  .4988120000D+02  .2388770000D+01  .3877400000D-01  .1722000000D+00  .2035284000D+01  .2991000000D+00  .4386800000D+01 -.3303500000D+01 -.4540000000D-01  .4600000000D-03  .1258485000D+03  .6438030000D+01  .1091890000D+00  .2165000000D+00  .5842944000D+01  .4129500000D+01  .1857700000D+01 -.1069000000D+00  .2721000000D+00 -.6800000000D-03  .1338403000D+03  .6819740000D+01  .1016120000D+00  .4871000000D+00  .4203101000D+01  .2373700000D+01  .6370000000D-01 -.2185000000D+00
5   8320110105201102152455566.0 -.5560000000D-01  .4100000000D-03  .5046070000D+02  .2501880000D+01  .4156800000D-01  .1885000000D+00  .2055299000D+01  .3311000000D+00  .4412500000D+01 -.3245300000D+01 -.2990000000D-01 -.8800000000D-03  .1257054000D+03  .6404570000D+01  .1081140000D+00  .2025000000D+00  .5868171000D+01  .4156300000D+01  .1883200000D+01 -.6242500000D+01  .2671000000D+00 -.9500000000D-03  .1336766000D+03  .6774220000D+01  .1005220000D+00  .4815000000D+00  .4224825000D+01  .2393100000D+01  .8350000000D-01 -.2044000000D+00
5   8420110215201103282455607.0 -.5660000000D-01 -.5000000000D-04  .5263160000D+02  .2637660000D+01  .4384800000D-01  .2061000000D+00  .2036652000D+01  .3158000000D+00  .4395400000D+01 -.3323000000D+01 -.6430000000D-01  .2700000000D-03  .1256609000D+03  .6368970000D+01  .1069640000D+00  .1682000000D+00  .5906829000D+01  .4196700000D+01  .1922800000D+01 -.8490000000D-01  .2417000000D+00 -.4200000000D-03  .1327313000D+03  .6655920000D+01  .9814300000D-01  .4767000000D+00  .4251735000D+01  .2420200000D+01  .1151000000D+00 -.2337000000D+00
5   8520110328201105082455648.0 -.7410000000D-01  .5800000000D-03  .5567560000D+02  .2759860000D+01  .4532900000D-01  .2224000000D+00  .2010955000D+01  .2890000000D+00  .4368800000D+01 -.3261900000D+01 -.5880000000D-01 -.8200000000D-03  .1256769000D+03  .6366260000D+01  .1065820000D+00  .1489000000D+00  .5960288000D+01  .4251200000D+01  .1973000000D+01 -.6178200000D+01  .2421000000D+00 -.1020000000D-02  .1312234000D+03  .6495260000D+01  .9523700000D-01  .4708000000D+00  .4289078000D+01  .2460500000D+01  .1655000000D+00 -.1901000000D+00
5   8620110508201106182455689.0 -.5990000000D-01  .1000000000D-04  .5858200000D+02  .2837090000D+01  .4571900000D-01  .2226000000D+00  .2006226000D+01  .2770000000D+00  .4356800000D+01 -.3322100000D+01 -.9810000000D-01  .1900000000D-03  .1258571000D+03  .6400700000D+01  .1070120000D+00  .1039000000D+00  .6024713000D+01  .4313400000D+01  .2028900000D+01 -.6242300000D+01  .2173000000D+00 -.1500000000D-03  .1296161000D+03  .6344690000D+01  .9272500000D-01  .4713000000D+00  .4337593000D+01  .2514800000D+01  .2330000000D+00 -.2229000000D+00
5   8720110618201107292455730.0 -.6540000000D-01  .7100000000D-03  .6030770000D+02  .2845470000D+01  .4509900000D-01  .2147000000D+00  .2033860000D+01  .2951000000D+00  .4372300000D+01 -.3245200000D+01 -.1049000000D+00 -.4600000000D-03  .1260200000D+03  .6475070000D+01  .1083360000D+00  .8090000000D-01  .6091077000D+01  .4374700000D+01  .2081000000D+01 -.5945700000D+01  .2399000000D+00 -.1170000000D-02  .1285876000D+03  .6251420000D+01  .9155500000D-01  .4764000000D+00  .4392946000D+01  .2577900000D+01  .3110000000D+00 -.1596000000D+00
5   8820110729201109082455771.0 -.3990000000D-01  .6000000000D-04  .6020710000D+02  .2781920000D+01  .4364400000D-01  .1928000000D+00  .2095772000D+01  .3485000000D+00  .4423600000D+01 -.3322000000D+01 -.1264000000D+00  .1400000000D-03  .1261571000D+03  .6566970000D+01  .1101190000D+00  .4800000000D-01  .6150498000D+01  .4426800000D+01  .2124000000D+01 -.5859600000D+01  .2226000000D+00  .5000000000D-04  .1286191000D+03  .6250470000D+01  .9203800000D-01  .4956000000D+00  .4448582000D+01  .2639400000D+01  .3830000000D+00 -.2233000000D+00
5   8920110908201110192455812.0 -.3550000000D-01  .5600000000D-03  .5842140000D+02  .2687480000D+01  .4249600000D-01  .1729000000D+00  .2182811000D+01  .4383000000D+00  .4512900000D+01 -.3240200000D+01 -.1273000000D+00 -.1400000000D-03  .1261320000D+03  .6654850000D+01  .1118090000D+00  .4740000000D-01  .6194808000D+01  .4464000000D+01  .2152500000D+01 -.5617700000D+01  .2611000000D+00 -.1250000000D-02  .1296847000D+03  .6319100000D+01  .9361100000D-01  .5215000000D+00  .4496262000D+01  .2688000000D+01  .4364000000D+00 -.1584000000D+00
5   9020111019201111292455853.0 -.1370000000D-01  .2000000000D-04  .5611610000D+02  .2641040000D+01  .4289700000D-01  .1511000000D+00  .2276416000D+01  .5461000000D+00  .4617400000D+01 -.3286400000D+01 -.1297000000D+00  .3000000000D-04  .1260620000D+03  .6698830000D+01  .1125330000D+00  .3860000000D-01  .6223773000D+01  .4488400000D+01  .2171900000D+01 -.5441700000D+01  .2405000000D+00  .1000000000D-04  .1309890000D+03  .6408440000D+01  .9517400000D-01  .5375000000D+00  .4532660000D+01  .2720500000D+01  .4669000000D+00 -.2160000000D+00
5   9120111129201201092455894.0 -.1700000000D-01  .3300000000D-03  .5476920000D+02  .2687460000D+01  .4513500000D-01  .1476000000D+00  .2344339000D+01  .6319000000D+00  .4693700000D+01 -.3211500000D+01 -.1332000000D+00  .1700000000D-03  .1259500000D+03  .6692190000D+01  .1119810000D+00  .3560000000D-01  .6244687000D+01  .4507800000D+01  .2189300000D+01 -.5440200000D+01  .2660000000D+00 -.1430000000D-02  .1317804000D+03  .6445320000D+01  .9563800000D-01  .5380000000D+00  .4558394000D+01  .2741300000D+01  .4856000000D+00 -.1532000000D+00
5   9220120109201202192455935.0 -.1660000000D-01  .2000000000D-04  .5517110000D+02  .2801090000D+01  .4800900000D-01  .1540000000D+00  .2367829000D+01  .6668000000D+00  .4721000000D+01 -.3267000000D+01 -.1269000000D+00 -.1300000000D-03  .1259345000D+03  .6649620000D+01  .1105610000D+00  .3680000000D-01  .6270194000D+01  .4533600000D+01  .2215700000D+01 -.4865100000D+01  .2251000000D+00 -.8000000000D-04  .1315831000D+03  .6408040000D+01  .9474000000D-01  .5293000000D+00  .4581486000D+01  .2761800000D+01  .5049000000D+00 -.2248000000D+00
5   9320120219201203312455976.0 -.2810000000D-01  .3100000000D-03  .5717640000D+02  .2931870000D+01  .5044300000D-01  .1717000000D+00  .2355605000D+01  .6612000000D+00  .4714100000D+01 -.3238200000D+01 -.1498000000D+00  .3700000000D-03  .1260534000D+03  .6608860000D+01  .1089730000D+00  .3460000000D-01  .2494500000D-01  .4571000000D+01  .2253400000D+01 -.4120200000D+01  .2369000000D+00 -.1400000000D-02  .1304623000D+03  .6288620000D+01  .9262600000D-01  .5196000000D+00  .4608926000D+01  .2790600000D+01  .5387000000D+00 -.1625000000D+00
5   9420120331201205112456017.0 -.3020000000D-01  .2300000000D-03  .6008260000D+02  .3046720000D+01  .5193000000D-01  .1816000000D+00  .2338082000D+01  .6436000000D+00  .4698700000D+01 -.3261100000D+01 -.1460000000D+00 -.4500000000D-03  .1263527000D+03  .6591320000D+01  .1078780000D+00  .7280000000D-01  .7766400000D-01  .4621300000D+01  .2302700000D+01 -.3918400000D+01  .1967000000D+00 -.2100000000D-03  .1286080000D+03  .6134800000D+01  .9030300000D-01  .5034000000D+00  .4647686000D+01  .2835500000D+01  .5926000000D+00 -.2081000000D+00
5   9520120511201206212456058.0 -.3080000000D-01  .3200000000D-03  .6286140000D+02  .3116180000D+01  .5231000000D-01  .1863000000D+00  .2338420000D+01  .6386000000D+00  .4694900000D+01 -.3247000000D+01 -.1812000000D+00  .5100000000D-03  .1267655000D+03  .6610560000D+01  .1074900000D+00  .9100000000D-01  .1403900000D+00  .4678400000D+01  .2356600000D+01 -.3530600000D+01  .2029000000D+00 -.1180000000D-02  .1266910000D+03  .5985070000D+01  .8850500000D-01  .4876000000D+00  .4697107000D+01  .2895700000D+01  .6667000000D+00 -.1481000000D+00
5   9620120621201208012456099.0 -.2480000000D-01  .2900000000D-03  .6449930000D+02  .3121680000D+01  .5155900000D-01  .1766000000D+00  .2369580000D+01  .6591000000D+00  .4713000000D+01 -.3251000000D+01 -.1739000000D+00 -.4900000000D-03  .1271643000D+03  .6664090000D+01  .1080110000D+00  .1314000000D+00  .2060520000D+00  .4736100000D+01  .2409000000D+01 -.3656700000D+01  .1752000000D+00 -.2400000000D-03  .1253672000D+03  .5904330000D+01  .8826300000D-01  .4782000000D+00  .4754616000D+01  .2966800000D+01  .7505000000D+00 -.1904000000D+00
5   9720120801201209112456140.0 -.9500000000D-02  .1100000000D-03  .6434780000D+02  .3059860000D+01  .4997900000D-01  .1576000000D+00  .2431309000D+01  .7102000000D+00  .4759600000D+01 -.3259100000D+01 -.2192000000D+00  .8100000000D-03  .1274684000D+03  .6740890000D+01  .1090770000D+00  .1572000000D+00  .2648790000D+00  .4784900000D+01  .2451500000D+01 -.3427900000D+01  .1888000000D+00 -.9000000000D-03  .1252689000D+03  .5909570000D+01  .8959100000D-01  .4860000000D+00  .4811792000D+01  .3035800000D+01  .8291000000D+00 -.1505000000D+00
5   9820120911201210222456181.0 -.1500000000D-02  .3900000000D-03  .6253470000D+02  .2974370000D+01  .4863100000D-01  .1304000000D+00  .2516939000D+01  .7913000000D+00  .4834200000D+01 -.3204800000D+01 -.2037000000D+00 -.4200000000D-03  .1275483000D+03  .6814640000D+01  .1103050000D+00  .1845000000D+00  .3098560000D+00  .4821500000D+01  .2481700000D+01 -.3563600000D+01  .1869000000D+00 -.4800000000D-03  .1262894000D+03  .5998660000D+01  .9208600000D-01  .4995000000D+00  .4862296000D+01  .3091500000D+01  .8858000000D+00 -.1680000000D+00
5   9920121022201212022456222.0  .1870000000D-01 -.2000000000D-04  .6017090000D+02  .2934940000D+01  .4878500000D-01  .1063000000D+00  .2606616000D+01  .8869000000D+00  .4920700000D+01 -.3247600000D+01 -.2294000000D+00  .9000000000D-03  .1275083000D+03  .6851950000D+01  .1107230000D+00  .1840000000D+00  .3392230000D+00  .4845300000D+01  .2501700000D+01 -.3406800000D+01  .1976000000D+00 -.6900000000D-03  .1277389000D+03  .6095860000D+01  .9409200000D-01  .5138000000D+00  .4900123000D+01  .3127100000D+01  .9186000000D+00 -.1577000000D+00
5  10020121202201301122456263.0  .1670000000D-01  .3700000000D-03  .5871450000D+02  .2987740000D+01  .5086300000D-01  .9580000000D-01  .2673150000D+01  .9641000000D+00  .4985400000D+01 -.3119500000D+01 -.1979000000D+00 -.2700000000D-03  .1274076000D+03  .6838410000D+01  .1100710000D+00  .1899000000D+00  .3609370000D+00  .4865600000D+01  .2521200000D+01 -.3555300000D+01  .1956000000D+00 -.6900000000D-03  .1286073000D+03  .6147080000D+01  .9487900000D-01  .5170000000D+00  .4927858000D+01  .3149800000D+01  .9368000000D+00 -.1635000000D+00
5  10120130112201302222456304.0  .2940000000D-01 -.1600000000D-03  .5899430000D+02  .3104680000D+01  .5375500000D-01  .9370000000D-01  .2697889000D+01  .9986000000D+00  .5011400000D+01 -.3219300000D+01 -.2250000000D+00  .1020000000D-02  .1274653000D+03  .6786190000D+01  .1083790000D+00  .2005000000D+00  .3859340000D+00  .4890700000D+01  .2548700000D+01 -.3406500000D+01  .1803000000D+00 -.5000000000D-03  .1284329000D+03  .6111450000D+01  .9398700000D-01  .5072000000D+00  .4951766000D+01  .3170400000D+01  .9560000000D+00 -.1728000000D+00
5  10220130222201304042456345.0  .1420000000D-01  .4900000000D-03  .6087800000D+02  .3238770000D+01  .5633900000D-01  .1048000000D+00  .2690454000D+01  .9983000000D+00  .5008800000D+01 -.3093600000D+01 -.2063000000D+00 -.1500000000D-03  .1276566000D+03  .6726960000D+01  .1064580000D+00  .2241000000D+00  .4229960000D+00  .4927800000D+01  .2589300000D+01 -.3498400000D+01  .1752000000D+00 -.1050000000D-02  .1271535000D+03  .6010110000D+01  .9229200000D-01  .4874000000D+00  .4981195000D+01  .3201500000D+01  .9879000000D+00 -.1480000000D+00
5  10320130404201305152456386.0  .2220000000D-01 -.9000000000D-04  .6368020000D+02  .3350310000D+01  .5789500000D-01  .1122000000D+00  .2677081000D+01  .9871000000D+00  .5000300000D+01 -.3240400000D+01 -.2293000000D+00  .7200000000D-03  .1280815000D+03  .6683880000D+01  .1047390000D+00  .2467000000D+00  .4736540000D+00  .4976000000D+01  .2641200000D+01 -.3392800000D+01  .1434000000D+00 -.3300000000D-03  .1251500000D+03  .5869170000D+01  .9029000000D-01  .4627000000D+00  .5021285000D+01  .3248300000D+01  .1040100000D+01 -.1797000000D+00
5  10420130515201306252456427.0  .8500000000D-02  .5400000000D-03  .6636050000D+02  .3418030000D+01  .5831600000D-01  .1209000000D+00  .2680895000D+01  .9866000000D+00  .5000800000D+01 -.3118700000D+01 -.2218000000D+00 -.7000000000D-04  .1285712000D+03  .6672380000D+01  .1037310000D+00  .2720000000D+00  .5345670000D+00  .5032000000D+01  .2699100000D+01 -.3440200000D+01  .1410000000D+00 -.1140000000D-02  .1230077000D+03  .5748740000D+01  .8929600000D-01  .4406000000D+00  .5073181000D+01  .3313400000D+01  .1111400000D+01 -.1278000000D+00
5  10520130625201308052456468.0  .2870000000D-01 -.2300000000D-03  .6796600000D+02  .3418580000D+01  .5742000000D-01  .1087000000D+00  .2712931000D+01  .1007500000D+01  .5020200000D+01 -.3240800000D+01 -.2507000000D+00  .6200000000D-03  .1290751000D+03  .6691620000D+01  .1034490000D+00  .3052000000D+00  .5981580000D+00  .5088100000D+01  .2755400000D+01 -.3380300000D+01  .1023000000D+00 -.8000000000D-04  .1215513000D+03  .5695790000D+01  .8979100000D-01  .4148000000D+00  .5133081000D+01  .3389100000D+01  .1192500000D+01 -.1688000000D+00
5  10620130805201309152456509.0  .2410000000D-01  .4000000000D-03  .6779980000D+02  .3354800000D+01  .5560600000D-01  .9380000000D-01  .2773550000D+01  .1054300000D+01  .5061500000D+01 -.3080100000D+01 -.2612000000D+00  .2800000000D-03  .1293754000D+03  .6737940000D+01  .1039450000D+00  .3328000000D+00  .6561320000D+00  .5137400000D+01  .2803000000D+01 -.3391700000D+01  .1150000000D+00 -.1220000000D-02  .1213760000D+03  .5743860000D+01  .9223700000D-01  .4048000000D+00  .5193402000D+01  .3463800000D+01  .1266600000D+01 -.9530000000D-01
5  10720130915201310262456550.0  .4550000000D-01 -.2000000000D-03  .6600230000D+02  .3261400000D+01  .5375100000D-01  .6460000000D-01  .2855433000D+01  .1125500000D+01  .5126700000D+01 -.3217600000D+01 -.2723000000D+00  .4500000000D-03  .1294947000D+03  .6790740000D+01  .1046890000D+00  .3559000000D+00  .7009340000D+00  .5174200000D+01  .2836700000D+01 -.3388200000D+01  .9050000000D-01  .9000000000D-04  .1224960000D+03  .5862170000D+01  .9538800000D-01  .4049000000D+00  .5246169000D+01  .3522200000D+01  .1320500000D+01 -.1706000000D+00
5  10820131026201312062456591.0  .4760000000D-01  .3100000000D-03  .6359450000D+02  .3216370000D+01  .5339300000D-01  .4480000000D-01  .2940568000D+01  .1208500000D+01  .5200800000D+01 -.2899100000D+01 -.2759000000D+00  .5900000000D-03  .1294321000D+03  .6817850000D+01  .1049510000D+00  .3619000000D+00  .7309500000D+00  .5199100000D+01  .2859600000D+01 -.3378200000D+01  .1207000000D+00 -.1150000000D-02  .1240546000D+03  .5985930000D+01  .9805900000D-01  .4224000000D+00  .5285782000D+01  .3559900000D+01  .1351000000D+01 -.9720000000D-01
5  10920131206201401162456632.0  .6750000000D-01 -.1100000000D-03  .6210390000D+02  .3262820000D+01  .5501000000D-01  .2150000000D-01  .3003759000D+01  .1275800000D+01  .5257900000D+01 -.2781000000D+01 -.2659000000D+00  .4300000000D-03  .1293461000D+03  .6796680000D+01  .1042000000D+00  .3681000000D+00  .7527740000D+00  .5220300000D+01  .2881500000D+01 -.3395300000D+01  .9410000000D-01  .1700000000D-03  .1250543000D+03  .6046580000D+01  .9891700000D-01  .4195000000D+00  .5314807000D+01  .3582300000D+01  .1368000000D+01 -.1671000000D+00
5  11020140116201402262456673.0  .6730000000D-01  .2200000000D-03  .6231620000D+02  .3382280000D+01  .5778700000D-01  .2490000000D-01  .3028214000D+01  .1307500000D+01  .5281100000D+01 -.2341500000D+01 -.2716000000D+00  .1000000000D-02  .1293526000D+03  .6735600000D+01  .1025520000D+00  .3675000000D+00  .7774500000D+00  .5246700000D+01  .2912900000D+01 -.3354900000D+01  .1127000000D+00 -.1140000000D-02  .1248942000D+03  .6021450000D+01  .9816500000D-01  .4120000000D+00  .5339674000D+01  .3603000000D+01  .1384600000D+01 -.9390000000D-01
5  11120140226201404082456714.0  .7090000000D-01  .0000000000D+00  .6417980000D+02  .3519500000D+01  .6041500000D-01  .2190000000D-01  .3023261000D+01  .1309800000D+01  .5281700000D+01 -.2503000000D+01 -.2487000000D+00  .2100000000D-03  .1295482000D+03  .6662780000D+01  .1006070000D+00  .3817000000D+00  .8133570000D+00  .5285000000D+01  .2958200000D+01 -.3406400000D+01  .7680000000D-01  .4000000000D-04  .1235911000D+03  .5924540000D+01  .9618800000D-01  .3854000000D+00  .5370445000D+01  .3632500000D+01  .1413000000D+01 -.1728000000D+00
5  11220140408201405192456755.0  .6680000000D-01  .1800000000D-03  .6694160000D+02  .3637990000D+01  .6215200000D-01  .3240000000D-01  .3012782000D+01  .1302800000D+01  .5275800000D+01 -.2622200000D+01 -.2687000000D+00  .1100000000D-02  .1299332000D+03  .6597630000D+01  .9876400000D-01  .3967000000D+00  .8621360000D+00  .5334100000D+01  .3016100000D+01 -.3337900000D+01  .8020000000D-01 -.1060000000D-02  .1214785000D+03  .5799910000D+01  .9425300000D-01  .3639000000D+00  .5411900000D+01  .3679300000D+01  .1459400000D+01 -.9690000000D-01
5  11320140519201406292456796.0  .6810000000D-01  .5000000000D-04  .6963940000D+02  .3705920000D+01  .6260600000D-01  .3100000000D-01  .3018581000D+01  .1305000000D+01  .5279300000D+01 -.2672200000D+01 -.2496000000D+00 -.1000000000D-04  .1303539000D+03  .6557240000D+01  .9756300000D-01  .4192000000D+00  .9209230000D+00  .5392000000D+01  .3081700000D+01 -.3388100000D+01  .4010000000D-01 -.1600000000D-03  .1192875000D+03  .5704790000D+01  .9324200000D-01  .3239000000D+00  .5466418000D+01  .3743300000D+01  .1522800000D+01 -.1435000000D+00
5  11420140629201408092456837.0  .7170000000D-01 -.6000000000D-04  .7123410000D+02  .3705380000D+01  .6166600000D-01  .2900000000D-01  .3049956000D+01  .1325400000D+01  .5297800000D+01 -.2692400000D+01 -.2835000000D+00  .1210000000D-02  .1307391000D+03  .6544180000D+01  .9705100000D-01  .4344000000D+00  .9826920000D+00  .5450200000D+01  .3146700000D+01 -.3308500000D+01  .3110000000D-01 -.8600000000D-03  .1178258000D+03  .5688460000D+01  .9407300000D-01  .2943000000D+00  .5528357000D+01  .3818400000D+01  .1594300000D+01 -.6830000000D-01
5  11520140809201409192456878.0  .7050000000D-01  .0000000000D+00  .7109120000D+02  .3630820000D+01  .5956600000D-01  .1990000000D-01  .3107981000D+01  .1368000000D+01  .5336900000D+01 -.2184200000D+01 -.2649000000D+00 -.1100000000D-03  .1309401000D+03  .6565440000D+01  .9739300000D-01  .4576000000D+00  .1039954000D+01  .5502600000D+01  .3201700000D+01 -.3384100000D+01  .2900000000D-02 -.2000000000D-03  .1177660000D+03  .5773670000D+01  .9672800000D-01  .2644000000D+00  .5591360000D+01  .3891300000D+01  .1660300000D+01 -.1096000000D+00
5  11620140919201410302456919.0  .8480000000D-01 -.2800000000D-03  .6926320000D+02  .3523070000D+01  .5723700000D-01  .1540000000D-01  .3184385000D+01  .1430200000D+01  .5395200000D+01 -.8782000000D+00 -.3054000000D+00  .1310000000D-02  .1310004000D+03  .6597010000D+01  .9793200000D-01  .4786000000D+00  .1084468000D+01  .5541300000D+01  .3241200000D+01 -.3313300000D+01 -.6000000000D-03 -.4700000000D-03  .1190410000D+03  .5929100000D+01  .1003750000D+00  .2607000000D+00  .5645368000D+01  .3948500000D+01  .1707800000D+01 -.6490000000D-01
5  11720141030201412102456960.0  .8670000000D-01  .1900000000D-03  .6681870000D+02  .3455660000D+01  .5620600000D-01  .4420000000D-01  .3263134000D+01  .1502400000D+01  .5463300000D+01 -.5933000000D+00 -.2813000000D+00  .5000000000D-04  .1308599000D+03  .6616920000D+01  .9826700000D-01  .4904000000D+00  .1115061000D+01  .5569000000D+01  .3268200000D+01 -.3375400000D+01 -.1500000000D-02 -.3000000000D-03  .1208213000D+03  .6079090000D+01  .1032970000D+00  .2593000000D+00  .5686461000D+01  .3984400000D+01  .1734400000D+01 -.7280000000D-01
5  11820141210201501202457001.0  .1087000000D+00 -.2500000000D-03  .6526240000D+02  .3486230000D+01  .5724200000D-01  .6060000000D-01  .3320617000D+01  .1560700000D+01  .5515500000D+01 -.3133000000D+00 -.3014000000D+00  .1420000000D-02  .1307479000D+03  .6591880000D+01  .9763100000D-01  .4859000000D+00  .1136903000D+01  .5591400000D+01  .3293500000D+01 -.3310600000D+01 -.6000000000D-03 -.1400000000D-03  .1219543000D+03  .6149810000D+01  .1042780000D+00  .2660000000D+00  .5715148000D+01  .4005300000D+01  .1748700000D+01 -.8120000000D-01
5  11920150120201503022457042.0  .1045000000D+00  .3000000000D-03  .6548380000D+02  .3600010000D+01  .5976200000D-01  .7590000000D-01  .3343445000D+01  .1589700000D+01  .5538800000D+01 -.4931000000D+00 -.2620000000D+00  .2200000000D-03  .1306943000D+03  .6535270000D+01  .9641100000D-01  .4820000000D+00  .1161608000D+01  .5620300000D+01  .3328300000D+01 -.3375100000D+01  .5900000000D-02 -.4000000000D-03  .1218403000D+03  .6121480000D+01  .1032210000D+00  .2576000000D+00  .5740692000D+01  .4023900000D+01  .1763500000D+01 -.6540000000D-01
5  12020150302201504122457083.0  .1238000000D+00 -.3400000000D-03  .6741570000D+02  .3744610000D+01  .6240000000D-01  .7660000000D-01  .3339499000D+01  .1592600000D+01  .5539500000D+01 -.3334000000D+00 -.2760000000D+00  .1370000000D-02  .1308503000D+03  .6457790000D+01  .9476600000D-01  .4849000000D+00  .1196128000D+01  .5659800000D+01  .3378200000D+01 -.3317400000D+01 -.1600000000D-01  .9000000000D-04  .1204849000D+03  .6016700000D+01  .1008210000D+00  .2368000000D+00  .5771468000D+01  .4051300000D+01  .1788800000D+01 -.1023000000D+00
5  12120150412201505232457124.0  .1109000000D+00  .3500000000D-03  .7027510000D+02  .3871660000D+01  .6429500000D-01  .7990000000D-01  .3331589000D+01  .1588700000D+01  .5536200000D+01 -.5301000000D+00 -.2499000000D+00  .4000000000D-03  .1310669000D+03  .6390950000D+01  .9356200000D-01  .4907000000D+00  .1243791000D+01  .5713100000D+01  .3442600000D+01 -.3352600000D+01 -.1540000000D-01 -.7300000000D-03  .1183295000D+03  .5889740000D+01  .9828300000D-01  .2055000000D+00  .5814429000D+01  .4094500000D+01  .1829800000D+01 -.1710000000D-01
5  12220150523201507032457165.0  .1240000000D+00 -.4200000000D-03  .7305690000D+02  .3946960000D+01  .6486000000D-01  .7130000000D-01  .3338412000D+01  .1592400000D+01  .5540400000D+01 -.3304000000D+00 -.2601000000D+00  .1050000000D-02  .1313601000D+03  .6338640000D+01  .9276100000D-01  .4957000000D+00  .1300728000D+01  .5773900000D+01  .3515200000D+01 -.3310800000D+01 -.5170000000D-01  .9000000000D-04  .1161298000D+03  .5794720000D+01  .9663800000D-01  .1692000000D+00  .5869481000D+01  .4153800000D+01  .1886400000D+01 -.9270000000D-01
5  12320150703201508132457206.0  .1065000000D+00  .1900000000D-03  .7470930000D+02  .3947330000D+01  .6400100000D-01  .7410000000D-01  .3369357000D+01  .1613100000D+01  .5559400000D+01 -.5334000000D+00 -.2469000000D+00  .4500000000D-03  .1315362000D+03  .6318860000D+01  .9284800000D-01  .5028000000D+00  .1361807000D+01  .5837300000D+01  .3587400000D+01 -.3331900000D+01 -.5520000000D-01 -.8300000000D-03  .1147378000D+03  .5788460000D+01  .9692300000D-01  .1362000000D+00  .5932981000D+01  .4223600000D+01  .1950900000D+01 -.6191400000D+01
5  12420150813201509232457247.0  .1234000000D+00 -.6600000000D-03  .7459850000D+02  .3866400000D+01  .6177100000D-01  .7950000000D-01  .3423604000D+01  .1651600000D+01  .5595800000D+01 -.2739000000D+00 -.2587000000D+00  .7700000000D-03  .1316025000D+03  .6325060000D+01  .9343700000D-01  .5160000000D+00  .1418317000D+01  .5893400000D+01  .3649300000D+01 -.3314200000D+01 -.1051000000D+00  .3600000000D-03  .1148629000D+03  .5889740000D+01  .9922100000D-01  .9410000000D-01  .5996358000D+01  .4291000000D+01  .2010500000D+01 -.1580000000D-01
5  12520150923201511032457288.0  .1123000000D+00  .4000000000D-04  .7271050000D+02  .3740270000D+01  .5913600000D-01  .9670000000D-01  .3493834000D+01  .1707600000D+01  .5651400000D+01 -.3774000000D+00 -.2657000000D+00  .7600000000D-03  .1314891000D+03  .6355420000D+01  .9450000000D-01  .5288000000D+00  .1463683000D+01  .5937300000D+01  .3694300000D+01 -.3314400000D+01 -.9790000000D-01 -.7400000000D-03  .1163924000D+03  .6067870000D+01  .1027870000D+00  .8280000000D-01  .6050833000D+01  .4343700000D+01  .2052500000D+01 -.5920700000D+01
5  12620151103201512142457329.0  .1292000000D+00 -.4100000000D-03  .7017510000D+02  .3647410000D+01  .5753000000D-01  .1166000000D+00  .3564392000D+01  .1771000000D+01  .5716300000D+01 -.2277000000D+00 -.2646000000D+00  .6100000000D-03  .1313291000D+03  .6372620000D+01  .9499000000D-01  .5366000000D+00  .1494571000D+01  .5966800000D+01  .3724000000D+01 -.3327800000D+01 -.1220000000D+00  .5600000000D-03  .1184284000D+03  .6231200000D+01  .1056820000D+00  .6950000000D-01  .6090891000D+01  .4375900000D+01  .2075800000D+01 -.6223800000D+01
5  12720151214201601242457370.0  .1300000000D+00  .1400000000D-03  .6853710000D+02  .3655710000D+01  .5806300000D-01  .1376000000D+00  .3615448000D+01  .1823300000D+01  .5768100000D+01 -.3023000000D+00 -.2649000000D+00  .1060000000D-02  .1311629000D+03  .6358200000D+01  .9484800000D-01  .5356000000D+00  .1517015000D+01  .5991600000D+01  .3750800000D+01 -.3309800000D+01 -.9110000000D-01 -.5200000000D-03  .1196820000D+03  .6306550000D+01  .1066400000D+00  .8770000000D-01  .6119068000D+01  .4394600000D+01  .2087700000D+01 -.5955800000D+01
5  12820160124201603052457411.0  .1507000000D+00 -.2700000000D-03  .6882690000D+02  .3760090000D+01  .6022000000D-01  .1560000000D+00  .3635148000D+01  .1849100000D+01  .5791600000D+01 -.2509000000D+00 -.2382000000D+00  .5100000000D-03  .1311000000D+03  .6310260000D+01  .9400000000D-01  .5259000000D+00  .1541197000D+01  .6021200000D+01  .3786200000D+01 -.3334000000D+01 -.1126000000D+00  .7100000000D-03  .1195923000D+03  .6264460000D+01  .1052120000D+00  .7040000000D-01  .6143819000D+01  .4411100000D+01  .2101200000D+01 -.6223300000D+01
5  12920160305201604152457452.0  .1533000000D+00  .2000000000D-04  .7089480000D+02  .3909400000D+01  .6283800000D-01  .1636000000D+00  .3632253000D+01  .1853400000D+01  .5794200000D+01 -.2976000000D+00 -.2403000000D+00  .1400000000D-02  .1311548000D+03  .6252640000D+01  .9327800000D-01  .5152000000D+00  .1575275000D+01  .6063600000D+01  .3836800000D+01 -.3289700000D+01 -.9460000000D-01 -.3900000000D-03  .1181081000D+03  .6139210000D+01  .1022510000D+00  .6660000000D-01  .6174511000D+01  .4436300000D+01  .2124700000D+01 -.5856400000D+01
5  13020160415201605262457493.0  .1588000000D+00 -.2100000000D-03  .7396730000D+02  .4047840000D+01  .6483200000D-01  .1669000000D+00  .3626864000D+01  .1851700000D+01  .5792300000D+01 -.2807000000D+00 -.2051000000D+00  .2900000000D-03  .1313063000D+03  .6201200000D+01  .9276800000D-01  .5069000000D+00  .1621746000D+01  .6118200000D+01  .3900400000D+01 -.3341200000D+01 -.1171000000D+00  .4000000000D-03  .1158353000D+03  .5980800000D+01  .9879500000D-01  .3110000000D-01  .6217289000D+01  .4476200000D+01  .2164600000D+01 -.5917900000D+01
5  13120160526201607062457534.0  .1558000000D+00 -.1600000000D-03  .7690920000D+02  .4135140000D+01  .6560800000D-01  .1632000000D+00  .3635861000D+01  .1857600000D+01  .5797900000D+01 -.2890000000D+00 -.2180000000D+00  .1420000000D-02  .1314464000D+03  .6166820000D+01  .9296800000D-01  .5059000000D+00  .1677756000D+01  .6182700000D+01  .3973000000D+01 -.3276000000D+01 -.1179000000D+00 -.3900000000D-03  .1135087000D+03  .5860650000D+01  .9623700000D-01  .3080000000D-01  .6272445000D+01  .4531400000D+01  .2218900000D+01 -.4855300000D+01
5  13220160706201608162457575.0  .1536000000D+00 -.3000000000D-03  .7870560000D+02  .4141610000D+01  .6489000000D-01  .1647000000D+00  .3666482000D+01  .1878400000D+01  .5817200000D+01 -.2793000000D+00 -.1831000000D+00  .5000000000D-04  .1314767000D+03  .6160950000D+01  .9378500000D-01  .4980000000D+00  .1738502000D+01  .6249400000D+01  .4044800000D+01 -.3327200000D+01 -.1529000000D+00  .1700000000D-03  .1121580000D+03  .5829610000D+01  .9550300000D-01  .5020000000D-01  .5233400000D-01  .4596100000D+01  .2282200000D+01 -.3709400000D+01
5  13320160816201609262457616.0  .1539000000D+00 -.5400000000D-03  .7861350000D+02  .4060400000D+01  .6278400000D-01  .1631000000D+00  .3717597000D+01  .1915000000D+01  .5853000000D+01 -.2362000000D+00 -.2074000000D+00  .1380000000D-02  .1313956000D+03  .6183980000D+01  .9532800000D-01  .4973000000D+00  .1795524000D+01  .2740000000D-01  .4107200000D+01 -.3255600000D+01 -.1743000000D+00 -.1200000000D-03  .1123759000D+03  .5920100000D+01  .9707000000D-01  .8680000000D-01  .1146020000D+00  .4658400000D+01  .2339700000D+01 -.3635400000D+01
5  13420160926201611062457657.0  .1428000000D+00 -.2100000000D-03  .7669500000D+02  .3924160000D+01  .6009600000D-01  .1728000000D+00  .3781629000D+01  .1966500000D+01  .5906900000D+01 -.2702000000D+00 -.1812000000D+00 -.6000000000D-04  .1312238000D+03  .6226140000D+01  .9684600000D-01  .4986000000D+00  .1842076000D+01  .7410000000D-01  .4152000000D+01 -.3332700000D+01 -.1938000000D+00  .1400000000D-03  .1141563000D+03  .6094220000D+01  .1001560000D+00  .1177000000D+00  .1674820000D+00  .4706800000D+01  .2380500000D+01 -.3547700000D+01
5  13520161106201612172457698.0  .1549000000D+00 -.5100000000D-03  .7404700000D+02  .3811360000D+01  .5821700000D-01  .1873000000D+00  .3844171000D+01  .2023800000D+01  .5971000000D+01 -.1997000000D+00 -.2110000000D+00  .1360000000D-02  .1310243000D+03  .6254370000D+01  .9786400000D-01  .5104000000D+00  .1873737000D+01  .1063000000D+00  .4182300000D+01 -.3267100000D+01 -.2021000000D+00  .3300000000D-03  .1163974000D+03  .6264160000D+01  .1029220000D+00  .1233000000D+00  .2057340000D+00  .4735500000D+01  .2400500000D+01 -.3533400000D+01
5  13620161217201701272457739.0  .1544000000D+00  .9000000000D-04  .7235280000D+02  .3797570000D+01  .5836100000D-01  .2108000000D+00  .3888348000D+01  .2072200000D+01  .6024500000D+01 -.2545000000D+00 -.1790000000D+00  .1300000000D-03  .1308536000D+03  .6256030000D+01  .9802100000D-01  .5031000000D+00  .1897084000D+01  .1317000000D+00  .4207100000D+01 -.3324900000D+01 -.1897000000D+00  .1900000000D-03  .1178003000D+03  .6333820000D+01  .1037110000D+00  .1267000000D+00  .2324640000D+00  .4752100000D+01  .2411000000D+01 -.3576700000D+01
5  13720170127201703092457780.0  .1793000000D+00 -.4800000000D-03  .7270700000D+02  .3889920000D+01  .6020700000D-01  .2259000000D+00  .3905257000D+01  .2096800000D+01  .6050900000D+01 -.1935000000D+00 -.1890000000D+00  .1380000000D-02  .1308055000D+03  .6227980000D+01  .9774100000D-01  .4915000000D+00  .1920791000D+01  .1615000000D+00  .4239200000D+01 -.3261400000D+01 -.1899000000D+00  .7100000000D-03  .1176000000D+03  .6276520000D+01  .1020020000D+00  .1156000000D+00  .2560980000D+00  .4767000000D+01  .2423000000D+01 -.3489200000D+01
5  13820170309201704192457821.0  .1732000000D+00  .1500000000D-03  .7498920000D+02  .4041740000D+01  .6274100000D-01  .2402000000D+00  .3904141000D+01  .2103200000D+01  .6056500000D+01 -.2760000000D+00 -.1489000000D+00  .2600000000D-03  .1308660000D+03  .6196960000D+01  .9744500000D-01  .4700000000D+00  .1954521000D+01  .2027000000D+00  .4283100000D+01 -.3321500000D+01 -.1659000000D+00  .4000000000D-04  .1159037000D+03  .6118480000D+01  .9852100000D-01  .1265000000D+00  .2866430000D+00  .4791900000D+01  .2448100000D+01 -.3588900000D+01
5  13920170419201705302457862.0  .1950000000D+00 -.6500000000D-03  .7832200000D+02  .4189720000D+01  .6475200000D-01  .2466000000D+00  .3902293000D+01  .2103900000D+01  .6056900000D+01 -.2052000000D+00 -.1492000000D+00  .1170000000D-02  .1309918000D+03  .6170810000D+01  .9756000000D-01  .4578000000D+00  .1999478000D+01  .2565000000D+00  .4339800000D+01 -.3266300000D+01 -.1852000000D+00  .7800000000D-03  .1133199000D+03  .5922120000D+01  .9432200000D-01  .1382000000D+00  .3291540000D+00  .4830500000D+01  .2489400000D+01 -.3414000000D+01
5  14020170530201707102457903.0  .1788000000D+00  .7000000000D-04  .8147930000D+02  .4288600000D+01  .6572700000D-01  .2512000000D+00  .3914646000D+01  .2113600000D+01  .6065500000D+01 -.2731000000D+00 -.1199000000D+00  .4800000000D-03  .1310752000D+03  .6171500000D+01  .9834000000D-01  .4369000000D+00  .2055412000D+01  .3201000000D+00  .4403200000D+01 -.3293300000D+01 -.1742000000D+00 -.2600000000D-03  .1107325000D+03  .5754570000D+01  .9086400000D-01  .1700000000D+00  .3840960000D+00  .4885200000D+01  .2548700000D+01 -.3501400000D+01
5  14120170710201708202457944.0  .1919000000D+00 -.8600000000D-03  .8343250000D+02  .4304650000D+01  .6520500000D-01  .2451000000D+00  .3946189000D+01  .2135400000D+01  .6086500000D+01 -.1846000000D+00 -.1147000000D+00  .8400000000D-03  .1310844000D+03  .6194090000D+01  .9978100000D-01  .4227000000D+00  .2115565000D+01  .3869000000D+00  .4467500000D+01 -.3256000000D+01 -.2121000000D+00  .6800000000D-03  .1091770000D+03  .5681620000D+01  .8917700000D-01  .1965000000D+00  .4458940000D+00  .4948100000D+01  .2616600000D+01 -.3347700000D+01
5  14220170820201709302457985.0  .1659000000D+00 -.9000000000D-04  .8341860000D+02  .4232330000D+01  .6343800000D-01  .2425000000D+00  .3995721000D+01  .2172400000D+01  .6123000000D+01 -.2625000000D+00 -.9970000000D-01  .4600000000D-03  .1309852000D+03  .6247900000D+01  .1018000000D+00  .4075000000D+00  .2174064000D+01  .4485000000D+00  .4523700000D+01 -.3273700000D+01 -.2112000000D+00 -.3500000000D-03  .1093594000D+03  .5739240000D+01  .9002300000D-01  .2363000000D+00  .5066300000D+00  .5009600000D+01  .2679600000D+01 -.3452800000D+01
5  14320170930201711102458026.0  .1778000000D+00 -.8900000000D-03  .8151950000D+02  .4095690000D+01  .6089800000D-01  .2443000000D+00  .4054449000D+01  .2220300000D+01  .6176000000D+01 -.1773000000D+00 -.9350000000D-01  .3900000000D-03  .1308267000D+03  .6310170000D+01  .1038000000D+00  .4042000000D+00  .2221691000D+01  .4968000000D+00  .4565900000D+01 -.3267900000D+01 -.2592000000D+00  .9200000000D-03  .1112676000D+03  .5897600000D+01  .9254200000D-01  .2689000000D+00  .5568600000D+00  .5054900000D+01  .2721100000D+01 -.3348900000D+01
5  14420171110201712212458067.0  .1628000000D+00 -.6000000000D-04  .7878730000D+02  .3974110000D+01  .5912500000D-01  .2551000000D+00  .4110383000D+01  .2275300000D+01  .6241100000D+01 -.2318000000D+00 -.9950000000D-01  .7300000000D-03  .1306503000D+03  .6363290000D+01  .1052100000D+00  .4018000000D+00  .2255690000D+01  .5299000000D+00  .4593100000D+01 -.3254800000D+01 -.2450000000D+00 -.7000000000D-04  .1136721000D+03  .6060990000D+01  .9511200000D-01  .2885000000D+00  .5929580000D+00  .5082000000D+01  .2740500000D+01 -.3438900000D+01
5  14520171221201801312458108.0  .1818000000D+00 -.5400000000D-03  .7707780000D+02  .3943450000D+01  .5905800000D-01  .2709000000D+00  .4148634000D+01  .2320800000D+01  .1420000000D-01 -.1782000000D+00 -.8720000000D-01  .2700000000D-03  .1305464000D+03  .6377200000D+01  .1055570000D+00  .3991000000D+00  .2279209000D+01  .5546000000D+00  .4615400000D+01 -.3281200000D+01 -.2585000000D+00  .1120000000D-02  .1151477000D+03  .6125350000D+01  .9570400000D-01  .2816000000D+00  .6178700000D+00  .5096000000D+01  .2748200000D+01 -.3354600000D+01
5  14620180131201803132458149.0  .1810000000D+00  .0000000000D+00  .7750740000D+02  .4025520000D+01  .6075600000D-01  .2890000000D+00  .4164397000D+01  .2347100000D+01  .4540000000D-01 -.2265000000D+00 -.9030000000D-01  .9500000000D-03  .1305348000D+03  .6369470000D+01  .1054190000D+00  .3881000000D+00  .2303227000D+01  .5824000000D+00  .4641900000D+01 -.3243600000D+01 -.2191000000D+00  .1500000000D-03  .1147937000D+03  .6053310000D+01  .9391400000D-01  .2711000000D+00  .6413450000D+00  .5111200000D+01  .2760400000D+01 -.3439400000D+01
5  14720180313201804232458190.0  .2011000000D+00 -.5100000000D-03  .8001090000D+02  .4172120000D+01  .6304500000D-01  .3061000000D+00  .4165740000D+01  .2355800000D+01  .5570000000D-01 -.1981000000D+00 -.5230000000D-01  .3000000000D-04  .1306542000D+03  .6353170000D+01  .1051330000D+00  .3629000000D+00  .2335554000D+01  .6197000000D+00  .4678900000D+01 -.3286600000D+01 -.2252000000D+00  .1090000000D-02  .1127868000D+03  .5867450000D+01  .9007300000D-01  .2671000000D+00  .6719640000D+00  .5136200000D+01  .2787300000D+01 -.3358400000D+01
5  14820180423201806032458231.0  .2010000000D+00 -.2500000000D-03  .8353970000D+02  .4325010000D+01  .6511500000D-01  .3166000000D+00  .4169185000D+01  .2362300000D+01  .6180000000D-01 -.2196000000D+00 -.5540000000D-01  .1190000000D-02  .1308108000D+03  .6354720000D+01  .1053300000D+00  .3382000000D+00  .2379759000D+01  .6689000000D+00  .4725100000D+01 -.3208200000D+01 -.2027000000D+00  .2600000000D-03  .1097200000D+03  .5632320000D+01  .8556500000D-01  .2718000000D+00  .7154220000D+00  .5178200000D+01  .2836200000D+01 -.3403100000D+01
5  14920180603201807142458272.0  .2047000000D+00 -.5100000000D-03  .8691270000D+02  .4430370000D+01  .6612500000D-01  .3210000000D+00  .4185891000D+01  .2375500000D+01  .7470000000D-01 -.2067000000D+00 -.1500000000D-01 -.4000000000D-04  .1309728000D+03  .6372320000D+01  .1059220000D+00  .3102000000D+00  .2434087000D+01  .7270000000D+00  .4779000000D+01 -.3285800000D+01 -.2111000000D+00  .6500000000D-03  .1066911000D+03  .5421080000D+01  .8159300000D-01  .2842000000D+00  .7707260000D+00  .5235700000D+01  .2905300000D+01 -.3351400000D+01
5  15020180714201808242458313.0  .1976000000D+00 -.5000000000D-03  .8899690000D+02  .4457940000D+01  .6591800000D-01  .3183000000D+00  .4220309000D+01  .2401500000D+01  .1000000000D+00 -.2036000000D+00 -.2370000000D-01  .1140000000D-02  .1310289000D+03  .6420670000D+01  .1073360000D+00  .2933000000D+00  .2494209000D+01  .7896000000D+00  .4834200000D+01 -.3178700000D+01 -.2121000000D+00  .2100000000D-03  .1047384000D+03  .5306240000D+01  .7954700000D-01  .3050000000D+00  .8326350000D+00  .5303400000D+01  .2986600000D+01 -.3363700000D+01
5  15120180824201810042458354.0  .1888000000D+00 -.5100000000D-03  .8910790000D+02  .4396180000D+01  .6444000000D-01  .3139000000D+00  .4269290000D+01  .2439300000D+01  .1385000000D+00 -.2029000000D+00  .2220000000D-01 -.3500000000D-03  .1310560000D+03  .6493300000D+01  .1092540000D+00  .2620000000D+00  .2553424000D+01  .8483000000D+00  .4884700000D+01 -.3268300000D+01 -.2355000000D+00  .4100000000D-03  .1047346000D+03  .5327920000D+01  .7992500000D-01  .3390000000D+00  .8917710000D+00  .5367300000D+01  .3060200000D+01 -.3346400000D+01
5  15220181004201811142458395.0  .1862000000D+00 -.7500000000D-03  .8724300000D+02  .4271470000D+01  .6242700000D-01  .3080000000D+00  .4325201000D+01  .2487900000D+01  .1931000000D+00 -.1753000000D+00  .6000000000D-02  .9500000000D-03  .1309995000D+03  .6582820000D+01  .1114660000D+00  .2512000000D+00  .2603189000D+01  .8956000000D+00  .4922400000D+01 -.3140600000D+01 -.2582000000D+00  .5300000000D-03  .1065881000D+03  .5464860000D+01  .8223900000D-01  .3695000000D+00  .9399570000D+00  .5414300000D+01  .3107900000D+01 -.3340600000D+01
5  15320181114201812252458436.0  .1730000000D+00 -.2300000000D-03  .8454870000D+02  .4152610000D+01  .6092400000D-01  .3113000000D+00  .4376264000D+01  .2541000000D+01  .2580000000D+00 -.2103000000D+00  .3180000000D-01 -.3800000000D-03  .1309584000D+03  .6648360000D+01  .1128930000D+00  .2386000000D+00  .2638956000D+01  .9281000000D+00  .4948400000D+01 -.3267000000D+01 -.2621000000D+00  .4300000000D-03  .1091257000D+03  .5619750000D+01  .8454200000D-01  .3898000000D+00  .9737120000D+00  .5439200000D+01  .3125700000D+01 -.3367600000D+01
5  15420181225201902042458477.0  .1873000000D+00 -.6400000000D-03  .8284800000D+02  .4115650000D+01  .6101400000D-01  .3249000000D+00  .4411006000D+01  .2587000000D+01  .3172000000D+00 -.1672000000D+00  .8200000000D-02  .8700000000D-03  .1308971000D+03  .6677940000D+01  .1133970000D+00  .2448000000D+00  .2663615000D+01  .9520000000D+00  .4968000000D+01 -.3151800000D+01 -.2639000000D+00  .9500000000D-03  .1106348000D+03  .5680070000D+01  .8506600000D-01  .3878000000D+00  .9975450000D+00  .5451700000D+01  .3130700000D+01 -.3341300000D+01
5  15520190204201903172458518.0  .1836000000D+00 -.2000000000D-04  .8334900000D+02  .4186580000D+01  .6259200000D-01  .3429000000D+00  .4426806000D+01  .2615700000D+01  .3536000000D+00 -.2111000000D+00  .3910000000D-01 -.2600000000D-03  .1309835000D+03  .6674260000D+01  .1130340000D+00  .2229000000D+00  .2687510000D+01  .9766000000D+00  .4991100000D+01 -.3244300000D+01 -.2337000000D+00  .4500000000D-03  .1101337000D+03  .5598090000D+01  .8316700000D-01  .3755000000D+00  .1021103000D+01  .5466600000D+01  .3141900000D+01 -.3374800000D+01
5  15620190317201904272458559.0  .2075000000D+00 -.8200000000D-03  .8595690000D+02  .4324860000D+01  .6482800000D-01  .3570000000D+00  .4432226000D+01  .2630000000D+01  .3715000000D+00 -.1599000000D+00  .3480000000D-01  .7200000000D-03  .1311314000D+03  .6666400000D+01  .1125410000D+00  .2072000000D+00  .2718310000D+01  .1009100000D+01  .5021400000D+01 -.3126200000D+01 -.2289000000D+00  .1190000000D-02  .1077155000D+03  .5394760000D+01  .7940900000D-01  .3551000000D+00  .1053318000D+01  .5494700000D+01  .3173700000D+01 -.3318600000D+01
5  15720190427201906072458600.0  .1937000000D+00 -.2000000000D-04  .8960990000D+02  .4474960000D+01  .6680000000D-01  .3690000000D+00  .4441547000D+01  .2642000000D+01  .3839000000D+00 -.2258000000D+00  .6370000000D-01 -.5000000000D-04  .1313762000D+03  .6663580000D+01  .1121060000D+00  .1716000000D+00  .2760541000D+01  .1051800000D+01  .5061700000D+01 -.3201800000D+01 -.1921000000D+00  .2100000000D-03  .1041453000D+03  .5138320000D+01  .7500500000D-01  .3454000000D+00  .1099157000D+01  .5542200000D+01  .3231900000D+01 -.3381300000D+01
5  15820190607201907182458641.0  .2133000000D+00 -.1020000000D-02  .9307360000D+02  .4580080000D+01  .6789000000D-01  .3771000000D+00  .4463481000D+01  .2661200000D+01  .4040000000D+00 -.1605000000D+00  .7170000000D-01  .5100000000D-03  .1315735000D+03  .6682700000D+01  .1121580000D+00  .1508000000D+00  .2812654000D+01  .1103400000D+01  .5108200000D+01 -.3090000000D+01 -.2036000000D+00  .1060000000D-02  .1005713000D+03  .4901100000D+01  .7126500000D-01  .3447000000D+00  .1156757000D+01  .5607900000D+01  .3316700000D+01 -.3303900000D+01
5  15920190718201908282458682.0  .1885000000D+00 -.9000000000D-04  .9521300000D+02  .4616190000D+01  .6793900000D-01  .3761000000D+00  .4501679000D+01  .2692600000D+01  .4349000000D+00 -.2138000000D+00  .9710000000D-01  .1500000000D-03  .1317884000D+03  .6726230000D+01  .1128010000D+00  .1126000000D+00  .2871856000D+01  .1159900000D+01  .5158300000D+01 -.3072400000D+01 -.1840000000D+00 -.1000000000D-04  .9813210000D+02  .4763620000D+01  .6956100000D-01  .3547000000D+00  .1220375000D+01  .5685500000D+01  .3415800000D+01 -.3357400000D+01
5  16020190828201910082458723.0  .2003000000D+00 -.1120000000D-02  .9541960000D+02  .4567840000D+01  .6695300000D-01  .3667000000D+00  .4551719000D+01  .2734200000D+01  .4782000000D+00 -.1413000000D+00  .1162000000D+00  .1100000000D-03  .1319429000D+03  .6802990000D+01  .1142270000D+00  .8980000000D-01  .2930807000D+01  .1214300000D+01  .5204200000D+01 -.2974900000D+01 -.2161000000D+00  .9600000000D-03  .9780450000D+02  .4765080000D+01  .7032300000D-01  .3733000000D+00  .1279452000D+01  .5757800000D+01  .3504900000D+01 -.3282100000D+01
5  16120191008201911182458764.0  .1693000000D+00 -.1000000000D-03  .9366810000D+02  .4464780000D+01  .6552300000D-01  .3563000000D+00  .4606768000D+01  .2784400000D+01  .5328000000D+00 -.2120000000D+00  .1237000000D+00  .1200000000D-03  .1320941000D+03  .6895420000D+01  .1160720000D+00  .6650000000D-01  .2982301000D+01  .1259800000D+01  .5241300000D+01 -.2798400000D+01 -.2098000000D+00 -.6000000000D-04  .9955560000D+02  .4891620000D+01  .7281600000D-01  .3999000000D+00  .1326287000D+01  .5808300000D+01  .3558000000D+01 -.3356800000D+01
5  16220191118201912292458805.0  .1817000000D+00 -.9400000000D-03  .9108850000D+02  .4358320000D+01  .6454500000D-01  .3560000000D+00  .4654914000D+01  .2837500000D+01  .5971000000D+00 -.1480000000D+00  .1403000000D+00 -.3300000000D-03  .1321770000D+03  .6973900000D+01  .1175060000D+00  .5470000000D-01  .3019703000D+01  .1291500000D+01  .5266000000D+01 -.2833500000D+01 -.2437000000D+00  .1110000000D-02  .1021693000D+03  .5036170000D+01  .7498200000D-01  .4231000000D+00  .1357497000D+01  .5831300000D+01  .3574500000D+01 -.3300300000D+01
5  16320191229202002082458846.0  .1664000000D+00 -.1000000000D-03  .8941710000D+02  .4329120000D+01  .6504800000D-01  .3626000000D+00  .4688594000D+01  .2885400000D+01  .6556000000D+00 -.1951000000D+00  .1269000000D+00  .3300000000D-03  .1322479000D+03  .7007060000D+01  .1179120000D+00  .5350000000D-01  .3045784000D+01  .1314500000D+01  .5285100000D+01 -.2503100000D+01 -.2204000000D+00  .2500000000D-03  .1036942000D+03  .5095880000D+01  .7539900000D-01  .4247000000D+00  .1380473000D+01  .5841600000D+01  .3574700000D+01 -.3354800000D+01
5  16420200208202003202458887.0  .1855000000D+00 -.7800000000D-03  .8996250000D+02  .4392220000D+01  .6675200000D-01  .3757000000D+00  .4705424000D+01  .2917200000D+01  .6959000000D+00 -.1482000000D+00  .1450000000D+00 -.4700000000D-03  .1323473000D+03  .7002830000D+01  .1173480000D+00  .3820000000D-01  .3068663000D+01  .1336200000D+01  .5305500000D+01 -.2743400000D+01 -.2206000000D+00  .1170000000D-02  .1030793000D+03  .5008620000D+01  .7343100000D-01  .4060000000D+00  .1404374000D+01  .5855400000D+01  .3584200000D+01 -.3302200000D+01
5  16520200320202004302458928.0  .1767000000D+00 -.1900000000D-03  .9255010000D+02  .4524140000D+01  .6901600000D-01  .3879000000D+00  .4715675000D+01  .2937300000D+01  .7191000000D+00 -.1925000000D+00  .1289000000D+00  .4700000000D-03  .1325118000D+03  .6981990000D+01  .1163880000D+00  .4450000000D-01  .3097756000D+01  .1364800000D+01  .5333300000D+01 -.2060400000D+01 -.1796000000D+00  .3700000000D-03  .1003089000D+03  .4806040000D+01  .6993500000D-01  .3792000000D+00  .1439494000D+01  .5887300000D+01  .3618600000D+01 -.3350700000D+01
5  16620200430202006102458969.0  .1889000000D+00 -.7700000000D-03  .9617540000D+02  .4661380000D+01  .7090400000D-01  .4000000000D+00  .4730065000D+01  .2955000000D+01  .7392000000D+00 -.1615000000D+00  .1684000000D+00 -.6900000000D-03  .1327446000D+03  .6962570000D+01  .1152830000D+00  .2250000000D-01  .3136619000D+01  .1401800000D+01  .5369200000D+01 -.1077200000D+01 -.1701000000D+00  .9100000000D-03  .9629440000D+02  .4544510000D+01  .6593000000D-01  .3564000000D+00  .1488704000D+01  .5941600000D+01  .3686000000D+01 -.3306400000D+01
5  16720200610202007212459010.0  .1805000000D+00 -.5000000000D-03  .9953130000D+02  .4768680000D+01  .7223000000D-01  .4041000000D+00  .4757832000D+01  .2981700000D+01  .7657000000D+00 -.1766000000D+00  .1577000000D+00  .6400000000D-03  .1329675000D+03  .6955200000D+01  .1144500000D+00  .6480000000D-01  .3185831000D+01  .1447800000D+01  .5413100000D+01 -.9239000000D+00 -.1468000000D+00  .4700000000D-03  .9218990000D+02  .4314810000D+01  .6309100000D-01  .3388000000D+00  .1551237000D+01  .6019900000D+01  .3783800000D+01 -.3321500000D+01
5  16820200721202008312459051.0  .1784000000D+00 -.6700000000D-03  .1016639000D+03  .4808030000D+01  .7254200000D-01  .4016000000D+00  .4799375000D+01  .3018400000D+01  .8025000000D+00 -.1612000000D+00  .1995000000D+00 -.6600000000D-03  .1332263000D+03  .6971440000D+01  .1140890000D+00  .7750000000D-01  .3242077000D+01  .1498900000D+01  .5461200000D+01 -.3566000000D+00 -.1432000000D+00  .5600000000D-03  .8935140000D+02  .4183220000D+01  .6232300000D-01  .3326000000D+00  .1618162000D+01  .6110100000D+01  .3896100000D+01 -.3298000000D+01
5  16920200831202010112459092.0  .1678000000D+00 -.6200000000D-03  .1019079000D+03  .4781200000D+01  .7215700000D-01  .3921000000D+00  .4851840000D+01  .3065000000D+01  .8483000000D+00 -.1613000000D+00  .1885000000D+00  .5500000000D-03  .1334836000D+03  .7024690000D+01  .1146910000D+00  .1130000000D+00  .3300309000D+01  .1550600000D+01  .5507700000D+01 -.5664000000D+00 -.1436000000D+00  .4300000000D-03  .8871180000D+02  .4198680000D+01  .6411800000D-01  .3407000000D+00  .1679190000D+01  .6193500000D+01  .3992500000D+01 -.3296900000D+01
5  17020201011202011212459133.0  .1529000000D+00 -.4200000000D-03  .1003303000D+03  .4700100000D+01  .7128500000D-01  .3789000000D+00  .4906575000D+01  .3117000000D+01  .9025000000D+00 -.1672000000D+00  .2358000000D+00 -.9600000000D-03  .1338131000D+03  .7106110000D+01  .1159320000D+00  .1376000000D+00  .3352077000D+01  .1594200000D+01  .5545200000D+01 -.2851000000D+00 -.1517000000D+00  .3000000000D-03  .9036960000D+02  .4325970000D+01  .6709000000D-01  .3609000000D+00  .1724285000D+01  .6247200000D+01  .4047300000D+01 -.3303300000D+01
5  17120201121202101012459174.0  .1524000000D+00 -.7800000000D-03  .9789810000D+02  .4625520000D+01  .7109700000D-01  .3693000000D+00  .4954515000D+01  .3171600000D+01  .9614000000D+00 -.1417000000D+00  .2194000000D+00  .2600000000D-03  .1340307000D+03  .7182600000D+01  .1171770000D+00  .1611000000D+00  .3391032000D+01  .1626200000D+01  .5571300000D+01 -.4450000000D+00 -.1695000000D+00  .7000000000D-03  .9299330000D+02  .4472900000D+01  .6944500000D-01  .3802000000D+00  .1753283000D+01  .6268600000D+01  .4059500000D+01 -.3288000000D+01
5  17220210101202102112459215.0  .1390000000D+00 -.2000000000D-03  .9635800000D+02  .4609640000D+01  .7198200000D-01  .3695000000D+00  .4987683000D+01  .3219100000D+01  .1015000000D+01 -.1769000000D+00  .2385000000D+00 -.8700000000D-03  .1341933000D+03  .7215730000D+01  .1174620000D+00  .1648000000D+00  .3417547000D+01  .1648300000D+01  .5590500000D+01 -.2874000000D+00 -.1613000000D+00  .3000000000D-03  .9461240000D+02  .4524010000D+01  .6947900000D-01  .3842000000D+00  .1773949000D+01  .6273200000D+01  .4054300000D+01 -.3325600000D+01
