# skyview history file
Version 5
:0
Sky above - annotated
3.14159 3.14159 1.5708 6 6 6 1 0 1 0 1
 15:00:00
  1:00:00
600 600 0 1 0 0 1 1 1 0 0 1 0 0 0 1 1 1 32 64 32 32 48 10 20 19 0 1
00111111
00000000000000000000000000000000000000000000000000000000000000000101101110111111111111100100000000000000000000000000000000000000
:1
Sky above - clean
3.14159 3.14159 1.5708 6 6 6 1 0 1 0 1
 15:00:00
  1:00:00
600 600 0 1 0 0 1 0 0 0 0 0 0 0 0 1 1 1 0 0 0 0 48 10 20 19 0 1
00111111
00000000000000000000000000000000000000000000000000000000000000000101101110111111111111100100000000000000000000000000000000000000
:2
360 equator
3.14159 0 0 7 7 7 2 0 1 0 1
 30:00:00
  2:00:00
818 409 1 0 0 0 1 1 1 0 0 0 0 0 0 1 1 0 32 64 32 32 7 3 6 7 0 1
00111111
10000000000000000000000000000000000000000000000000000000000000000111101110111111111111100100000000000000000000000000000000000000
:3
North horizon
1.22173 0 0.610865 6 6 7 1 0 1 1 1
 10:00:00
 20:00:00
826 413 1 1 0 0 1 1 0 0 0 0 0 0 0 1 1 0 32 64 32 32 26 3 11 10 0 1
00111111
10000000000000000000000000000000000000000000000000000000000000000111101110111111111111100000000000000000000000000000000000000000
:4
East horizon
1.22173 1.5708 0.610865 6 6 7 1 0 1 1 1
 10:00:00
 20:00:00
826 413 1 1 0 0 1 1 0 0 0 0 0 0 0 1 1 0 32 64 32 32 26 3 11 10 0 1
00111111
10000000000000000000000000000000000000000000000000000000000000000111101110111111111111100000000000000000000000000000000000000000
:5
South horizon
1.22173 3.14159 0.610865 6 6 7 1 0 1 1 1
 10:00:00
 20:00:00
826 413 1 1 0 0 1 1 0 0 0 0 0 0 0 1 1 0 32 64 32 32 26 3 11 10 0 1
00111111
10000000000000000000000000000000000000000000000000000000000000000111101110111111111111100000000000000000000000000000000000000000
:6
West horizon
1.22173 4.71239 0.610865 6 6 7 1 0 1 1 1
 10:00:00
 20:00:00
826 413 1 1 0 0 1 1 0 0 0 0 0 0 0 1 1 0 32 64 32 32 26 3 11 10 0 1
00111111
10000000000000000000000000000000000000000000000000000000000000000111101110111111111111100000000000000000000000000000000000000000
:7
360 Horizon
1.5708 0 0.929388 7 7 7 2 0 1 0 1
 30:00:00
  2:00:00
1060 265 1 1 0 0 1 1 0 0 1 0 0 0 0 1 1 0 32 64 32 32 7 3 6 7 0 1
00111111
10000000000000000000000000000000000000000000000000000000000000000111101110111111111111100100000000000000000000000000000000000000
# end
