 4 2    2   83 19.7027  4.9788 50.0 40.0  184    2455197.500 2010
1    220100101201002202455197.5 -.2506000000D+00  .6300000000D-03  .9339600000D+01  .3893000000D-01  .9900000000D-04  .4920000000D-01 -.3810010000D+01 -.2215600000D+01 -.1032500000D+01 -.2616800000D+01  .2670000000D-01 -.6900000000D-03  .3165800000D+01  .2811000000D-01  .2600000000D-03  .1840000000D-01 -.2092824000D+01 -.4832500000D+01 -.2990500000D+01 -.1737800000D+01 -.4260000000D-01  .3500000000D-02  .8833800000D+01  .4465000000D-01  .2240000000D-03  .6310000000D-01 -.2257369000D+01 -.8899000000D+00 -.5841800000D+01 -.1363300000D+01
1    320100220201004112455247.5 -.1860000000D+00  .1280000000D-02  .9304000000D+01  .1788000000D-01  .7880000000D-03  .6480000000D-01 -.4921926000D+01 -.3244300000D+01 -.1541000000D+00 -.5804100000D+01 -.1210000000D-01  .7900000000D-03  .2514700000D+01  .1587000000D-01  .3920000000D-03  .1960000000D-01 -.3836929000D+01 -.5198900000D+01 -.2324700000D+01 -.5002500000D+01  .1133000000D+00  .1140000000D-02  .9089300000D+01  .2063000000D-01  .8490000000D-03  .7210000000D-01 -.3320532000D+01 -.1962700000D+01 -.5067100000D+01 -.4164400000D+01
1    420100411201005312455297.5 -.1389000000D+00  .1900000000D-03  .9352900000D+01  .5790000000D-01  .3780000000D-03  .7180000000D-01 -.8032100000D-01 -.1592500000D+01 -.2679900000D+01 -.2978700000D+01  .3040000000D-01  .9000000000D-03  .2757700000D+01  .2362000000D-01  .2350000000D-03  .2580000000D-01 -.5101322000D+01 -.3875400000D+01 -.5359000000D+01 -.1261700000D+01  .1798000000D+00 -.7300000000D-03  .9001600000D+01  .6533000000D-01  .4740000000D-03  .6200000000D-01 -.4760280000D+01 -.9730000000D-01 -.1141900000D+01 -.1474600000D+01
1    520100531201007202455347.5 -.1313000000D+00  .5000000000D-04  .9262600000D+01  .7673000000D-01  .5400000000D-03  .7170000000D-01 -.1775355000D+01 -.3387200000D+01 -.4894500000D+01 -.2032000000D+00  .8410000000D-01  .1010000000D-02  .3832500000D+01  .3459000000D-01  .4170000000D-03  .3720000000D-01 -.6184452000D+01 -.6025100000D+01 -.1634900000D+01 -.4326100000D+01  .1229000000D+00  .4000000000D-03  .8644000000D+01  .9925000000D-01  .5620000000D-03  .6100000000D-01 -.2552210000D+00 -.1884400000D+01 -.3503700000D+01 -.5104200000D+01
1    620100720201009082455397.5 -.1224000000D+00  .1900000000D-03  .8629500000D+01  .9361000000D-01  .6250000000D-03  .6470000000D-01 -.3554141000D+01 -.5266900000D+01 -.6181000000D+00 -.3746900000D+01  .1257000000D+00  .2000000000D-04  .5377600000D+01  .4550000000D-01  .4900000000D-03  .4460000000D-01 -.1363151000D+01 -.2174700000D+01 -.4046300000D+01 -.1389100000D+01  .1454000000D+00 -.1410000000D-02  .8458800000D+01  .1152000000D+00  .6240000000D-03  .6140000000D-01 -.2179123000D+01 -.3754700000D+01 -.5604900000D+01 -.2500500000D+01
1    720100908201010282455447.5 -.1111000000D+00 -.1150000000D-02  .7779000000D+01  .1126600000D+00  .6520000000D-03  .5280000000D-01 -.5463704000D+01 -.8848000000D+00 -.2475900000D+01 -.1288700000D+01  .1436000000D+00  .7000000000D-04  .6237500000D+01  .5912000000D-01  .5450000000D-03  .4470000000D-01 -.3040741000D+01 -.4538100000D+01 -.3542000000D+00 -.4830300000D+01  .9010000000D-01 -.3400000000D-03  .8785800000D+01  .1190700000D+00  .6740000000D-03  .6360000000D-01 -.4159445000D+01 -.5676800000D+01 -.1268500000D+01 -.6212800000D+01
1    820101028201012172455497.5 -.1908000000D+00 -.1000000000D-04  .7593700000D+01  .1349600000D+00  .8960000000D-03  .6010000000D-01 -.1279063000D+01 -.2749600000D+01 -.4629000000D+01 -.5373900000D+01  .1272000000D+00 -.9500000000D-03  .5746300000D+01  .5857000000D-01  .7010000000D-03  .3440000000D-01 -.4782109000D+01 -.7110000000D+00 -.2922200000D+01 -.2058500000D+01  .5080000000D-01 -.4600000000D-03  .9270800000D+01  .1174900000D+00  .7880000000D-03  .6880000000D-01 -.6126701000D+01 -.1368400000D+01 -.3158400000D+01 -.3638700000D+01
1    920101217201102052455547.5 -.1701000000D+00 -.8700000000D-03  .8681700000D+01  .1375400000D+00  .1107000000D-02  .7320000000D-01 -.3395098000D+01 -.4775600000D+01 -.6732000000D+00 -.2778800000D+01  .9160000000D-01 -.1860000000D-02  .3619900000D+01  .6033000000D-01  .6610000000D-03  .2100000000D-01 -.1415700000D-01 -.3560300000D+01 -.5735200000D+01 -.4843100000D+01  .3470000000D-01 -.1940000000D-02  .9323300000D+01  .1226100000D+00  .9260000000D-03  .6820000000D-01 -.1794966000D+01 -.3396400000D+01 -.5160300000D+01 -.1006100000D+01
1   1020110205201103272455597.5 -.2247000000D+00  .7200000000D-03  .9401200000D+01  .1186100000D+00  .8310000000D-03  .7420000000D-01 -.5358061000D+01 -.7089000000D+00 -.2771500000D+01 -.5810000000D-01  .1100000000D-02 -.5400000000D-03  .2992900000D+01  .5720000000D-01  .6690000000D-03  .3060000000D-01 -.6080460000D+00 -.6280500000D+01 -.2239400000D+01 -.1221400000D+01 -.4910000000D-01 -.2900000000D-03  .8872400000D+01  .1361100000D+00  .9140000000D-03  .6220000000D-01 -.3796403000D+01 -.5459800000D+01 -.1042800000D+01 -.4705200000D+01
1   1120110327201105162455647.5 -.1941000000D+00  .1170000000D-02  .8787900000D+01  .1127800000D+00  .6160000000D-03  .6000000000D-01 -.9887120000D+00 -.2795100000D+01 -.4523900000D+01 -.3705900000D+01 -.4370000000D-01  .6000000000D-04  .5217900000D+01  .5521000000D-01  .5850000000D-03  .4110000000D-01 -.1931367000D+01 -.2770600000D+01 -.4779600000D+01 -.4668900000D+01 -.8830000000D-01 -.1730000000D-02  .8519400000D+01  .1371500000D+00  .8010000000D-03  .5990000000D-01 -.5886495000D+01 -.1204800000D+01 -.3167600000D+01 -.2358000000D+01
1   1220110516201107052455697.5 -.1167000000D+00  .2200000000D-03  .7772900000D+01  .1226500000D+00  .6340000000D-03  .5270000000D-01 -.2997473000D+01 -.4702600000D+01 -.1655000000D+00 -.1283700000D+01 -.1610000000D-01 -.3000000000D-03  .6182100000D+01  .6081000000D-01  .6180000000D-03  .4310000000D-01 -.3662781000D+01 -.5249800000D+01 -.1225000000D+01 -.1918100000D+01 -.1654000000D+00 -.5200000000D-03  .8802600000D+01  .1235400000D+00  .8020000000D-03  .7110000000D-01 -.1675313000D+01 -.3152100000D+01 -.5135500000D+01 -.6186700000D+01
1   1320110705201108242455747.5 -.1118000000D+00  .1790000000D-02  .7776500000D+01  .1268800000D+00  .6910000000D-03  .5880000000D-01 -.5117206000D+01 -.3033000000D+00 -.2439600000D+01 -.5032800000D+01 -.4690000000D-01 -.1000000000D-03  .5396800000D+01  .5089000000D-01  .6210000000D-03  .3380000000D-01 -.5372800000D+01 -.1546800000D+01 -.3783000000D+01 -.5210400000D+01 -.1856000000D+00 -.1100000000D-03  .9268600000D+01  .1129200000D+00  .7820000000D-03  .7580000000D-01 -.3626735000D+01 -.5128700000D+01 -.9153000000D+00 -.3468900000D+01
1   1420110824201110132455797.5 -.3170000000D-01 -.4100000000D-03  .8851900000D+01  .1026200000D+00  .5950000000D-03  .6690000000D-01 -.8350740000D+00 -.2257000000D+01 -.4551900000D+01 -.2355400000D+01 -.4010000000D-01 -.4700000000D-03  .3426500000D+01  .4890000000D-01  .4050000000D-03  .2120000000D-01 -.4437310000D+00 -.4267300000D+01 -.1343000000D+00 -.1646900000D+01 -.2020000000D+00 -.2000000000D-03  .9304300000D+01  .1039300000D+00  .5500000000D-03  .7320000000D-01 -.5494141000D+01 -.8815000000D+00 -.3013200000D+01 -.6869000000D+00
1   1520111013201112022455847.5 -.3780000000D-01  .2600000000D-03  .9393000000D+01  .7354000000D-01  .3700000000D-03  .6740000000D-01 -.2634027000D+01 -.4242500000D+01 -.2591000000D+00 -.5772700000D+01 -.7440000000D-01 -.1800000000D-03  .3082500000D+01  .4014000000D-01  .2630000000D-03  .2720000000D-01 -.1134305000D+01 -.2675000000D+00 -.2675900000D+01 -.4024500000D+01 -.2069000000D+00  .5000000000D-03  .8897900000D+01  .9158000000D-01  .3440000000D-03  .6460000000D-01 -.1049311000D+01 -.2791500000D+01 -.5195300000D+01 -.4242900000D+01
1   1620111202201201212455897.5 -.2980000000D-01 -.6500000000D-03  .9105600000D+01  .5397000000D-01  .4360000000D-03  .7110000000D-01 -.4294556000D+01 -.6080100000D+01 -.2761100000D+01 -.2847000000D+01 -.8370000000D-01  .2600000000D-03  .4460700000D+01  .2501000000D-01  .2370000000D-03  .4020000000D-01 -.2262607000D+01 -.2310500000D+01 -.5431400000D+01 -.6247000000D+00 -.1721000000D+00 -.4800000000D-03  .8561000000D+01  .7195000000D-01  .6070000000D-03  .6130000000D-01 -.2834135000D+01 -.4511700000D+01 -.1340200000D+01 -.1424900000D+01
1   1720120121201203112455947.5 -.5430000000D-01 -.2100000000D-02  .8718800000D+01  .4550000000D-02  .5600000000D-03  .5960000000D-01 -.5798000000D+01 -.5106900000D+01 -.4261300000D+01 -.5741800000D+01 -.7640000000D-01  .1390000000D-02  .5114900000D+01  .1040000000D-01  .2640000000D-03  .3220000000D-01 -.3597191000D+01 -.1839100000D+01 -.1769000000D+00 -.3668600000D+01 -.2095000000D+00  .8500000000D-03  .8525800000D+01  .5020000000D-02  .7410000000D-03  .5760000000D-01 -.4405233000D+01 -.3621200000D+01 -.2670900000D+01 -.4632100000D+01
1   1820120311201204302455997.5 -.1618000000D+00 -.1170000000D-02  .9059400000D+01  .4773000000D-01  .8440000000D-03  .6840000000D-01 -.6787210000D+00 -.5505500000D+01 -.2324500000D+01 -.2444400000D+01 -.8500000000D-02  .6900000000D-03  .4439100000D+01  .2288000000D-01  .4010000000D-03  .3140000000D-01 -.4849812000D+01 -.1471400000D+01 -.4951200000D+01 -.4324000000D+00 -.1270000000D+00  .1550000000D-02  .8631900000D+01  .6049000000D-01  .1037000000D-02  .6400000000D-01 -.5507136000D+01 -.3896300000D+01 -.7848000000D+00 -.9745000000D+00
1   1920120430201206192456047.5 -.2260000000D+00  .4500000000D-03  .9142300000D+01  .3593000000D-01  .5240000000D-03  .7370000000D-01 -.1974214000D+01 -.3512600000D+01 -.4306600000D+01 -.5817900000D+01  .3300000000D-01  .8100000000D-03  .4313800000D+01  .1762000000D-01  .2680000000D-03  .4330000000D-01 -.6268203000D+01 -.1625000000D+00 -.1245800000D+01 -.3619600000D+01 -.6950000000D-01  .8900000000D-03  .8565400000D+01  .4800000000D-01  .5200000000D-03  .6080000000D-01 -.4970230000D+00 -.2104300000D+01 -.2709600000D+01 -.4308800000D+01
1   2020120619201208082456097.5 -.1870000000D+00  .9000000000D-04  .8681300000D+01  .7852000000D-01  .5720000000D-03  .6590000000D-01 -.3611060000D+01 -.5293800000D+01 -.4843000000D+00 -.2986400000D+01  .6190000000D-01  .5000000000D-03  .5382600000D+01  .3940000000D-01  .4450000000D-03  .4870000000D-01 -.1458317000D+01 -.2160400000D+01 -.3957300000D+01 -.6518000000D+00 -.2220000000D-01 -.1490000000D-02  .8375000000D+01  .9445000000D-01  .5410000000D-03  .6100000000D-01 -.2240423000D+01 -.3795600000D+01 -.5261100000D+01 -.1585700000D+01
1   2120120808201209272456147.5 -.1799000000D+00  .4400000000D-03  .7874500000D+01  .1067600000D+00  .6180000000D-03  .5600000000D-01 -.5445352000D+01 -.8974000000D+00 -.2468900000D+01 -.3623000000D+00  .9770000000D-01  .1700000000D-03  .6289100000D+01  .5723000000D-01  .5240000000D-03  .5140000000D-01 -.3086424000D+01 -.4471000000D+01 -.2476000000D+00 -.4052400000D+01 -.8510000000D-01  .0000000000D+00  .8614100000D+01  .1141200000D+00  .6870000000D-03  .6230000000D-01 -.4164315000D+01 -.5648300000D+01 -.1174900000D+01 -.5287800000D+01
1   2220120927201211162456197.5 -.1826000000D+00  .1010000000D-02  .7466800000D+01  .1332200000D+00  .8010000000D-03  .5150000000D-01 -.1226465000D+01 -.2769500000D+01 -.4576200000D+01 -.4396300000D+01  .9540000000D-01 -.4900000000D-03  .6106000000D+01  .6092000000D-01  .6940000000D-03  .3990000000D-01 -.4815842000D+01 -.5733000000D+00 -.2807200000D+01 -.1268900000D+01 -.1042000000D+00 -.1070000000D-02  .9166000000D+01  .1176200000D+00  .8010000000D-03  .6830000000D-01 -.6123335000D+01 -.1339600000D+01 -.3135700000D+01 -.2790900000D+01
1   2320121116201301052456247.5 -.9910000000D-01 -.4400000000D-03  .8427100000D+01  .1411900000D+00  .1081000000D-02  .6510000000D-01 -.3381379000D+01 -.4760000000D+01 -.6258000000D+00 -.1995800000D+01  .8100000000D-01 -.6200000000D-03  .4204800000D+01  .5985000000D-01  .6850000000D-03  .2330000000D-01 -.1369530000D+00 -.3381800000D+01 -.5521900000D+01 -.4312900000D+01 -.1505000000D+00 -.7400000000D-03  .9338100000D+01  .1217000000D+00  .9750000000D-03  .7430000000D-01 -.1795031000D+01 -.3366400000D+01 -.5104800000D+01 -.2318000000D+00
1   2420130105201302242456297.5 -.1376000000D+00  .1560000000D-02  .9385400000D+01  .1217600000D+00  .9000000000D-03  .7000000000D-01 -.5382064000D+01 -.6831000000D+00 -.2747700000D+01 -.5609300000D+01  .5120000000D-01  .5800000000D-03  .2789700000D+01  .5885000000D-01  .7000000000D-03  .2670000000D-01 -.8632680000D+00 -.6126000000D+01 -.2120000000D+01 -.5457000000D+00 -.1765000000D+00  .3000000000D-03  .8916400000D+01  .1384900000D+00  .1032000000D-02  .7090000000D-01 -.3794067000D+01 -.5432200000D+01 -.1031900000D+01 -.3918200000D+01
1   2520130224201304152456347.5 -.6540000000D-01  .6700000000D-03  .8945900000D+01  .1146000000D+00  .6420000000D-03  .6120000000D-01 -.1021870000D+01 -.2820800000D+01 -.4595900000D+01 -.2937700000D+01  .6310000000D-01  .1200000000D-03  .4918300000D+01  .5460000000D-01  .6070000000D-03  .3790000000D-01 -.2008259000D+01 -.2696500000D+01 -.4701200000D+01 -.3847200000D+01 -.1801000000D+00 -.8900000000D-03  .8523400000D+01  .1441400000D+00  .8980000000D-03  .6260000000D-01 -.5886616000D+01 -.1216500000D+01 -.3244800000D+01 -.1482800000D+01
1   2620130415201306042456397.5 -.1200000000D-01  .1010000000D-02  .7899100000D+01  .1208700000D+00  .6280000000D-03  .5530000000D-01 -.3023488000D+01 -.4759900000D+01 -.1410000000D+00 -.4823000000D+00  .9940000000D-01 -.4300000000D-03  .6155200000D+01  .6302000000D-01  .5930000000D-03  .3870000000D-01 -.3729878000D+01 -.5241400000D+01 -.1143600000D+01 -.1169700000D+01 -.2181000000D+00  .6700000000D-03  .8750400000D+01  .1299800000D+00  .8200000000D-03  .6630000000D-01 -.1700735000D+01 -.3208500000D+01 -.5217000000D+01 -.5458600000D+01
1   2720130604201307242456447.5  .3020000000D-01  .2100000000D-02  .7672200000D+01  .1274200000D+00  .7320000000D-03  .6090000000D-01 -.5148446000D+01 -.3505000000D+00 -.2320300000D+01 -.4280900000D+01  .5670000000D-01 -.5100000000D-03  .5621500000D+01  .5541000000D-01  .6450000000D-03  .3210000000D-01 -.5485833000D+01 -.1453000000D+01 -.3736100000D+01 -.4551500000D+01 -.1781000000D+00 -.1200000000D-03  .9220800000D+01  .1182200000D+00  .8220000000D-03  .7430000000D-01 -.3688212000D+01 -.5183000000D+01 -.9466000000D+00 -.2857900000D+01
1   2820130724201309122456497.5  .1277000000D+00 -.1800000000D-03  .8665900000D+01  .1132200000D+00  .7270000000D-03  .6650000000D-01 -.9124330000D+00 -.2304900000D+01 -.4514900000D+01 -.1659800000D+01  .4030000000D-01 -.1480000000D-02  .3683300000D+01  .5035000000D-01  .4870000000D-03  .1890000000D-01 -.6907140000D+00 -.4196800000D+01 -.6530000000D-01 -.1161400000D+01 -.1939000000D+00  .6900000000D-03  .9351400000D+01  .1110200000D+00  .6480000000D-03  .7460000000D-01 -.5585074000D+01 -.9377000000D+00 -.3022700000D+01 -.1124000000D+00
1   2920130912201311012456547.5  .1323000000D+00  .7000000000D-03  .9366500000D+01  .8695000000D-01  .5000000000D-03  .6820000000D-01 -.2771270000D+01 -.4332400000D+01 -.1611000000D+00 -.5170600000D+01 -.4010000000D-01 -.1190000000D-02  .2799200000D+01  .4488000000D-01  .3670000000D-03  .2600000000D-01 -.1418492000D+01 -.3537000000D+00 -.2555400000D+01 -.3475500000D+01 -.1584000000D+00  .7800000000D-03  .9017700000D+01  .1020100000D+00  .4190000000D-03  .6750000000D-01 -.1176142000D+01 -.2907400000D+01 -.4917300000D+01 -.3665500000D+01
1   3020131101201312212456597.5  .1572000000D+00 -.5500000000D-03  .9116500000D+01  .7169000000D-01  .3310000000D-03  .6610000000D-01 -.4514741000D+01 -.6259200000D+01 -.1939200000D+01 -.2382000000D+01 -.1015000000D+00 -.6300000000D-03  .4396100000D+01  .3491000000D-01  .2900000000D-03  .4200000000D-01 -.2486407000D+01 -.2622100000D+01 -.4798900000D+01 -.2110000000D+00 -.1091000000D+00  .0000000000D+00  .8588200000D+01  .9244000000D-01  .3250000000D-03  .6160000000D-01 -.3050928000D+01 -.4720300000D+01 -.6112000000D+00 -.9634000000D+00
1   3120131221201402092456647.5  .1209000000D+00 -.3000000000D-04  .8418300000D+01  .6801000000D-01  .3940000000D-03  .6490000000D-01 -.6211203000D+01 -.1752500000D+01 -.4542100000D+01 -.5788700000D+01 -.1259000000D+00 -.1700000000D-03  .5669600000D+01  .2843000000D-01  .2260000000D-03  .4890000000D-01 -.3941565000D+01 -.4852800000D+01 -.1296400000D+01 -.3356400000D+01 -.1125000000D+00  .4300000000D-03  .8523500000D+01  .7575000000D-01  .4150000000D-03  .6580000000D-01 -.4871300000D+01 -.1405000000D+00 -.2994000000D+01 -.4328200000D+01
1   3220140209201403312456697.5  .1285000000D+00 -.1460000000D-02  .7860100000D+01  .3385000000D-01  .8700000000D-03  .6010000000D-01 -.1551024000D+01 -.3367100000D+01 -.1868000000D+00 -.2602300000D+01 -.1420000000D+00  .3800000000D-03  .6126400000D+01  .1068000000D-01  .3170000000D-03  .4890000000D-01 -.5403616000D+01 -.4442000000D+00 -.3666400000D+01 -.1372000000D+00 -.1053000000D+00 -.1320000000D-02  .8741700000D+01  .3478000000D-01  .9000000000D-03  .6720000000D-01 -.2335410000D+00 -.1647800000D+01 -.4810500000D+01 -.1243500000D+01
1   3320140331201405202456747.5  .2340000000D-01 -.1630000000D-02  .7885300000D+01  .7142000000D-01  .7190000000D-03  .6520000000D-01 -.2827143000D+01 -.1389200000D+01 -.4549000000D+01 -.5530300000D+01 -.1095000000D+00  .7500000000D-03  .6151500000D+01  .2551000000D-01  .3630000000D-03  .4860000000D-01 -.4114060000D+00 -.4761400000D+01 -.1659800000D+01 -.3119100000D+01 -.1547000000D+00 -.2200000000D-03  .8744800000D+01  .7193000000D-01  .6990000000D-03  .8010000000D-01 -.1512121000D+01 -.5985400000D+01 -.2894200000D+01 -.3958900000D+01
1   3420140520201407092456797.5 -.4470000000D-01 -.1050000000D-02  .8259700000D+01  .1591000000D-01  .6920000000D-03  .6290000000D-01 -.3939763000D+01 -.5177900000D+01 -.6094100000D+01 -.2374300000D+01 -.8070000000D-01  .7500000000D-03  .5967100000D+01  .1439000000D-01  .3320000000D-03  .5190000000D-01 -.1683364000D+01 -.2455700000D+01 -.3514200000D+01 -.2840000000D-01 -.1799000000D+00 -.6100000000D-03  .8427700000D+01  .1658000000D-01  .7650000000D-03  .6640000000D-01 -.2631547000D+01 -.4134600000D+01 -.4383800000D+01 -.9175000000D+00
1   3520140709201408282456847.5 -.1037000000D+00  .1250000000D-02  .7865400000D+01  .8195000000D-01  .5520000000D-03  .5530000000D-01 -.5538267000D+01 -.9640000000D+00 -.2182700000D+01 -.5836000000D+01 -.3300000000D-01  .9000000000D-04  .6368100000D+01  .4692000000D-01  .4180000000D-03  .5200000000D-01 -.3205141000D+01 -.4527600000D+01 -.1303000000D+00 -.3365200000D+01 -.1926000000D+00  .3100000000D-03  .8495000000D+01  .8944000000D-01  .6210000000D-03  .6680000000D-01 -.4271603000D+01 -.5683800000D+01 -.9030000000D+00 -.4406700000D+01
1   3620140828201410172456897.5 -.6190000000D-01  .1170000000D-02  .7414200000D+01  .1228100000D+00  .6990000000D-03  .4870000000D-01 -.1209550000D+01 -.2799300000D+01 -.4441800000D+01 -.3396900000D+01 -.3090000000D-01  .4400000000D-03  .6344300000D+01  .5920000000D-01  .6300000000D-03  .4340000000D-01 -.4881183000D+01 -.5163000000D+00 -.2741200000D+01 -.5023000000D+00 -.1902000000D+00 -.8700000000D-03  .9024800000D+01  .1129000000D+00  .7750000000D-03  .6640000000D-01 -.6147123000D+01 -.1325400000D+01 -.3133900000D+01 -.1899900000D+01
1   3720141017201412062456947.5  .3750000000D-01  .4600000000D-03  .8151500000D+01  .1404000000D+00  .9850000000D-03  .5860000000D-01 -.3359517000D+01 -.4750600000D+01 -.5527000000D+00 -.1068400000D+01 -.8800000000D-02  .9200000000D-03  .4760700000D+01  .5820000000D-01  .6970000000D-03  .2490000000D-01 -.2386240000D+00 -.3234800000D+01 -.5345600000D+01 -.3672100000D+01 -.2357000000D+00  .8100000000D-03  .9354800000D+01  .1197500000D+00  .9610000000D-03  .7220000000D-01 -.1794322000D+01 -.3347300000D+01 -.5094500000D+01 -.5741900000D+01
1   3820141206201501252456997.5  .3820000000D-01  .1580000000D-02  .9301600000D+01  .1212200000D+00  .9440000000D-03  .6580000000D-01 -.5392903000D+01 -.6267000000D+00 -.2656100000D+01 -.4731300000D+01  .4180000000D-01  .1670000000D-02  .2815900000D+01  .6083000000D-01  .7160000000D-03  .2270000000D-01 -.1153581000D+01 -.5975600000D+01 -.1976400000D+01 -.6056500000D+01 -.1815000000D+00  .6800000000D-03  .8986000000D+01  .1375900000D+00  .1074000000D-02  .7390000000D-01 -.3777760000D+01 -.5411600000D+01 -.9961000000D+00 -.3196300000D+01
1   3920150125201503162457047.5  .1133000000D+00 -.4400000000D-03  .9077400000D+01  .1138900000D+00  .7180000000D-03  .6020000000D-01 -.1032390000D+01 -.2796700000D+01 -.4583700000D+01 -.2070000000D+01  .1118000000D+00  .1900000000D-03  .4645800000D+01  .5341000000D-01  .6490000000D-03  .3670000000D-01 -.2099084000D+01 -.2546700000D+01 -.4584600000D+01 -.2991900000D+01 -.1619000000D+00  .6800000000D-03  .8496600000D+01  .1493900000D+00  .9690000000D-03  .6870000000D-01 -.5863753000D+01 -.1209200000D+01 -.3281600000D+01 -.6730000000D+00
1   4020150316201505052457097.5  .1080000000D+00  .1010000000D-02  .7998000000D+01  .1203600000D+00  .6460000000D-03  .5470000000D-01 -.3016368000D+01 -.4781600000D+01 -.1526000000D+00 -.5937400000D+01  .1511000000D+00 -.1100000000D-03  .6164900000D+01  .6310000000D-01  .5730000000D-03  .3720000000D-01 -.3777166000D+01 -.5193800000D+01 -.1015400000D+01 -.2474000000D+00 -.1267000000D+00  .1460000000D-02  .8676900000D+01  .1365000000D+00  .8290000000D-03  .6390000000D-01 -.1699722000D+01 -.3237600000D+01 -.5309100000D+01 -.4575700000D+01
1   4120150505201506242457147.5  .1482000000D+00  .1070000000D-02  .7527600000D+01  .1275500000D+00  .7540000000D-03  .6210000000D-01 -.5143253000D+01 -.3738000000D+00 -.2239900000D+01 -.3543800000D+01  .1171000000D+00 -.4900000000D-03  .5912100000D+01  .5861000000D-01  .6330000000D-03  .3260000000D-01 -.5552235000D+01 -.1359200000D+01 -.3636900000D+01 -.3745200000D+01 -.4260000000D-01 -.1000000000D-03  .9190700000D+01  .1212800000D+00  .8040000000D-03  .6770000000D-01 -.3718756000D+01 -.5226300000D+01 -.9648000000D+00 -.2121900000D+01
1   4220150624201508132457197.5  .1962000000D+00 -.1200000000D-03  .8415800000D+01  .1208200000D+00  .8420000000D-03  .6970000000D-01 -.9496540000D+00 -.2309000000D+01 -.4476000000D+01 -.9248000000D+00  .1044000000D+00 -.1570000000D-02  .4103000000D+01  .5125000000D-01  .5250000000D-03  .1880000000D-01 -.8552930000D+00 -.4065500000D+01 -.6234200000D+01 -.5034000000D+00 -.5890000000D-01  .1330000000D-02  .9375600000D+01  .1140300000D+00  .6910000000D-03  .6970000000D-01 -.5639199000D+01 -.9679000000D+00 -.3000000000D+01 -.5730200000D+01
1   4320150813201510022457247.5  .2037000000D+00  .5900000000D-03  .9305700000D+01  .9805000000D-01  .6250000000D-03  .7090000000D-01 -.2853033000D+01 -.4371400000D+01 -.2407000000D+00 -.4461100000D+01  .2300000000D-01 -.1100000000D-02  .2636700000D+01  .4698000000D-01  .4250000000D-03  .2350000000D-01 -.1724082000D+01 -.3149000000D+00 -.2511200000D+01 -.2901300000D+01  .5900000000D-02  .3600000000D-03  .9115600000D+01  .1075700000D+00  .5000000000D-03  .6630000000D-01 -.1249036000D+01 -.2960000000D+01 -.4897500000D+01 -.3009500000D+01
1   4420151002201511212457297.5  .2239000000D+00 -.9400000000D-03  .9209800000D+01  .8192000000D-01  .4140000000D-03  .6480000000D-01 -.4641413000D+01 -.8050000000D-01 -.1935500000D+01 -.1749700000D+01 -.3950000000D-01 -.5400000000D-03  .4050800000D+01  .3915000000D-01  .3820000000D-03  .3960000000D-01 -.2655857000D+01 -.2702500000D+01 -.4771100000D+01 -.5973400000D+01  .3560000000D-01  .6500000000D-03  .8677800000D+01  .1008300000D+00  .4030000000D-03  .6380000000D-01 -.3156230000D+01 -.4832100000D+01 -.3717000000D+00 -.3366000000D+00
1   4520151121201601102457347.5  .1734000000D+00  .1100000000D-03  .8471000000D+01  .8111000000D-01  .3490000000D-03  .5930000000D-01 -.1227410000D+00 -.1906300000D+01 -.3700300000D+01 -.5283600000D+01 -.5670000000D-01 -.5100000000D-03  .5558100000D+01  .3840000000D-01  .3340000000D-03  .4800000000D-01 -.4140087000D+01 -.5053300000D+01 -.8774000000D+00 -.2919600000D+01  .6280000000D-01  .1010000000D-02  .8526300000D+01  .9342000000D-01  .4110000000D-03  .6640000000D-01 -.5056726000D+01 -.3105000000D+00 -.2257300000D+01 -.3876000000D+01
1   4620160110201602292457397.5  .1841000000D+00 -.8100000000D-03  .7751700000D+01  .8406000000D-01  .2860000000D-03  .5630000000D-01 -.1929922000D+01 -.3673700000D+01 -.6128200000D+01 -.2465400000D+01 -.9160000000D-01 -.3000000000D-04  .6142400000D+01  .3598000000D-01  .2720000000D-03  .4930000000D-01 -.5726985000D+01 -.1032900000D+01 -.3498400000D+01 -.6139100000D+01  .1071000000D+00 -.2400000000D-03  .8832700000D+01  .8425000000D-01  .4280000000D-03  .7030000000D-01 -.6028510000D+00 -.2067900000D+01 -.4487700000D+01 -.9977000000D+00
1   4720160229201604192457447.5  .1574000000D+00  .5000000000D-03  .7580500000D+01  .6924000000D-01  .6690000000D-03  .5180000000D-01 -.3739119000D+01 -.5327100000D+01 -.2144000000D+01 -.5753200000D+01 -.8300000000D-01 -.4700000000D-03  .5875300000D+01  .2382000000D-01  .2240000000D-03  .4600000000D-01 -.9907020000D+00 -.3325900000D+01 -.2964000000D+00 -.3017300000D+01  .1167000000D+00 -.4900000000D-03  .9220500000D+01  .6295000000D-01  .6160000000D-03  .7400000000D-01 -.2310510000D+01 -.3883900000D+01 -.7011000000D+00 -.4271800000D+01
1   4820160419201606082457497.5  .1775000000D+00 -.9500000000D-03  .7667300000D+01  .1869000000D-01  .5580000000D-03  .5170000000D-01 -.5305763000D+01 -.3728500000D+01 -.3331900000D+01 -.2429100000D+01 -.1230000000D+00 -.4200000000D-03  .5475100000D+01  .9170000000D-02  .1470000000D-03  .5200000000D-01 -.2410291000D+01 -.2466500000D+01 -.1538100000D+01 -.6140300000D+01  .5690000000D-01 -.2420000000D-02  .9295600000D+01  .1666000000D-01  .3490000000D-03  .8350000000D-01 -.3817061000D+01 -.2058900000D+01 -.2003700000D+01 -.9287000000D+00
1   4920160608201607282457547.5  .1385000000D+00 -.2100000000D-03  .7440200000D+01  .4251000000D-01  .1125000000D-02  .5690000000D-01 -.5734000000D-01 -.4739200000D+01 -.1618800000D+01 -.5504400000D+01 -.1343000000D+00 -.9000000000D-04  .6129800000D+01  .1526000000D-01  .4410000000D-03  .4790000000D-01 -.3695867000D+01 -.3218500000D+01 -.5929500000D+01 -.2838000000D+01 -.4870000000D-01 -.1000000000D-02  .9069500000D+01  .3416000000D-01  .1011000000D-02  .6900000000D-01 -.4969476000D+01 -.3279300000D+01 -.1814000000D+00 -.4025200000D+01
1   5020160728201609162457597.5  .1195000000D+00  .6000000000D-04  .7430800000D+01  .7560000000D-01  .6420000000D-03  .4780000000D-01 -.1467386000D+01 -.2938200000D+01 -.3937400000D+01 -.2500700000D+01 -.1417000000D+00  .1020000000D-02  .6177000000D+01  .3735000000D-01  .4040000000D-03  .4140000000D-01 -.5097042000D+01 -.7469000000D+00 -.2634100000D+01 -.6060600000D+01 -.1063000000D+00 -.2800000000D-03  .9041800000D+01  .7107000000D-01  .5780000000D-03  .6900000000D-01 -.9402400000D-01 -.1476000000D+01 -.2775500000D+01 -.1112200000D+01
1   5120160916201611052457647.5  .1615000000D+00  .8700000000D-03  .8073500000D+01  .1253100000D+00  .8000000000D-03  .5750000000D-01 -.3422072000D+01 -.4813000000D+01 -.4608000000D+00 -.1326000000D+00 -.1010000000D+00  .1400000000D-02  .4891900000D+01  .5168000000D-01  .6160000000D-03  .2540000000D-01 -.3711380000D+00 -.3280300000D+01 -.5311600000D+01 -.2866700000D+01 -.1354000000D+00  .1340000000D-02  .9361800000D+01  .1067300000D+00  .8140000000D-03  .6590000000D-01 -.1871843000D+01 -.3410000000D+01 -.5084500000D+01 -.4892400000D+01
1   5220161105201612252457697.5  .1832000000D+00  .7400000000D-03  .9199300000D+01  .1157900000D+00  .9060000000D-03  .6850000000D-01 -.5425158000D+01 -.6056000000D+00 -.2574200000D+01 -.3839700000D+01 -.1930000000D-01  .1860000000D-02  .2892200000D+01  .5983000000D-01  .6820000000D-03  .2350000000D-01 -.1393082000D+01 -.5936300000D+01 -.1888000000D+01 -.5206800000D+01 -.4610000000D-01  .3900000000D-03  .9093800000D+01  .1292300000D+00  .9820000000D-03  .6710000000D-01 -.3796827000D+01 -.5443200000D+01 -.9586000000D+00 -.2425600000D+01
1   5320161225201702132457747.5  .2208000000D+00 -.1220000000D-02  .9167000000D+01  .1097700000D+00  .7980000000D-03  .6450000000D-01 -.1048464000D+01 -.2750100000D+01 -.4539100000D+01 -.1174600000D+01  .6370000000D-01  .2400000000D-03  .4378800000D+01  .5305000000D-01  .6870000000D-03  .3760000000D-01 -.2215378000D+01 -.2399400000D+01 -.4493000000D+01 -.2130500000D+01 -.4140000000D-01  .1870000000D-02  .8490500000D+01  .1470200000D+00  .9490000000D-03  .6790000000D-01 -.5848355000D+01 -.1215400000D+01 -.3253100000D+01 -.6202900000D+01
1   5420170213201704042457797.5  .1698000000D+00  .2600000000D-03  .8135800000D+01  .1194300000D+00  .6930000000D-03  .5410000000D-01 -.2996027000D+01 -.4775700000D+01 -.1976000000D+00 -.4977500000D+01  .9820000000D-01  .4100000000D-03  .6135700000D+01  .6186000000D-01  .5760000000D-03  .4110000000D-01 -.3830919000D+01 -.5111300000D+01 -.8728000000D+00 -.5581400000D+01  .4980000000D-01  .1150000000D-02  .8555300000D+01  .1398600000D+00  .8160000000D-03  .6650000000D-01 -.1687715000D+01 -.3248300000D+01 -.5358900000D+01 -.3708600000D+01
1   5520170404201705242457847.5  .1751000000D+00 -.7300000000D-03  .7408900000D+01  .1282500000D+00  .7430000000D-03  .5820000000D-01 -.5103914000D+01 -.3933000000D+00 -.2214300000D+01 -.2756800000D+01  .8760000000D-01 -.2000000000D-03  .6216800000D+01  .6067000000D-01  .6150000000D-03  .3650000000D-01 -.5602417000D+01 -.1256400000D+01 -.3518400000D+01 -.2874200000D+01  .1255000000D+00 -.1000000000D-04  .9129300000D+01  .1225100000D+00  .7550000000D-03  .6520000000D-01 -.3730891000D+01 -.5250300000D+01 -.9695000000D+00 -.1240900000D+01
1   5620170524201707132457897.5  .1319000000D+00 -.1600000000D-03  .8103800000D+01  .1265400000D+00  .9000000000D-03  .7240000000D-01 -.9529180000D+00 -.2300600000D+01 -.4441300000D+01 -.2197000000D+00  .9550000000D-01 -.7000000000D-03  .4650000000D+01  .5114000000D-01  .5420000000D-03  .2330000000D-01 -.9681440000D+00 -.3912000000D+01 -.6062400000D+01 -.6047600000D+01  .1094000000D+00  .1290000000D-02  .9389400000D+01  .1129300000D+00  .6980000000D-03  .6600000000D-01 -.5668870000D+01 -.9773000000D+00 -.2908100000D+01 -.4903500000D+01
1   5720170713201709012457947.5  .1354000000D+00  .3000000000D-04  .9186600000D+01  .1068800000D+00  .7380000000D-03  .7560000000D-01 -.2899319000D+01 -.4367900000D+01 -.2869000000D+00 -.3760200000D+01  .5810000000D-01 -.9000000000D-04  .2767300000D+01  .4850000000D-01  .4520000000D-03  .2260000000D-01 -.2034311000D+01 -.2118000000D+00 -.2418600000D+01 -.2352200000D+01  .1724000000D+00 -.5300000000D-03  .9165700000D+01  .1100300000D+00  .5810000000D-03  .6370000000D-01 -.1286408000D+01 -.2968100000D+01 -.4848000000D+01 -.2231300000D+01
1   5820170901201710212457997.5  .1315000000D+00 -.8900000000D-03  .9312400000D+01  .8948000000D-01  .4610000000D-03  .6790000000D-01 -.4717981000D+01 -.1461000000D+00 -.2076800000D+01 -.1017400000D+01  .4140000000D-01  .3000000000D-04  .3712400000D+01  .4103000000D-01  .4250000000D-03  .3560000000D-01 -.2819333000D+01 -.2670600000D+01 -.4762400000D+01 -.5352900000D+01  .1576000000D+00  .7300000000D-03  .8731400000D+01  .1066600000D+00  .4880000000D-03  .6290000000D-01 -.3208503000D+01 -.4881300000D+01 -.3879000000D+00 -.5912700000D+01
1   5920171021201712102458047.5  .8400000000D-01 -.2000000000D-04  .8610500000D+01  .8647000000D-01  .3980000000D-03  .5910000000D-01 -.2306610000D+00 -.2021300000D+01 -.3610700000D+01 -.4587300000D+01  .5800000000D-01 -.4000000000D-03  .5378800000D+01  .4184000000D-01  .3980000000D-03  .4550000000D-01 -.4268873000D+01 -.5121700000D+01 -.8268000000D+00 -.2359400000D+01  .1867000000D+00  .3200000000D-03  .8526500000D+01  .1016800000D+00  .5150000000D-03  .6770000000D-01 -.5145823000D+01 -.4087000000D+00 -.2186600000D+01 -.3276600000D+01
1   6020171210201801292458097.5  .8460000000D-01 -.1670000000D-02  .7788800000D+01  .9564000000D-01  .4050000000D-03  .5440000000D-01 -.2091019000D+01 -.3793200000D+01 -.5428400000D+01 -.1912200000D+01  .2700000000D-01  .1700000000D-03  .6097800000D+01  .4591000000D-01  .4040000000D-03  .4610000000D-01 -.5899152000D+01 -.1151800000D+01 -.3366400000D+01 -.5633900000D+01  .1980000000D+00  .7000000000D-04  .8788000000D+01  .1002500000D+00  .5860000000D-03  .7240000000D-01 -.7614540000D+00 -.2207800000D+01 -.4213900000D+01 -.5082000000D+00
1   6120180129201803202458147.5  .6600000000D-02 -.2400000000D-03  .7679200000D+01  .1031200000D+00  .4260000000D-03  .5720000000D-01 -.4049873000D+01 -.5557600000D+01 -.1288700000D+01 -.5533100000D+01  .3820000000D-01 -.7500000000D-03  .5657000000D+01  .4063000000D-01  .3970000000D-03  .3890000000D-01 -.1250469000D+01 -.3544300000D+01 -.5708000000D+01 -.2565900000D+01  .2098000000D+00  .3600000000D-03  .9243900000D+01  .9442000000D-01  .5000000000D-03  .7390000000D-01 -.2594017000D+01 -.4113300000D+01 -.6238000000D+01 -.3966100000D+01
1   6220180320201805092458197.5 -.2260000000D-01 -.6600000000D-03  .8464400000D+01  .9069000000D-01  .4390000000D-03  .6370000000D-01 -.5972005000D+01 -.1086700000D+01 -.3464600000D+01 -.2783500000D+01 -.1000000000D-03 -.6800000000D-03  .4110600000D+01  .3819000000D-01  .2320000000D-03  .2550000000D-01 -.2720845000D+01 -.6052500000D+01 -.1865200000D+01 -.5483600000D+01  .2241000000D+00 -.5200000000D-03  .9401900000D+01  .8420000000D-01  .3410000000D-03  .6950000000D-01 -.4375296000D+01 -.6028900000D+01 -.1987100000D+01 -.1164900000D+01
1   6320180509201806282458247.5 -.4970000000D-01  .6700000000D-03  .9171900000D+01  .6292000000D-01  .5480000000D-03  .7610000000D-01 -.1438294000D+01 -.2914900000D+01 -.5908500000D+01 -.6182400000D+01 -.4500000000D-01 -.3500000000D-03  .2723600000D+01  .3246000000D-01  .3300000000D-03  .2000000000D-01 -.3760980000D+01 -.1822300000D+01 -.5175700000D+01 -.1564600000D+01  .1824000000D+00  .5600000000D-03  .9203300000D+01  .7196000000D-01  .6250000000D-03  .6500000000D-01 -.6105022000D+01 -.1540400000D+01 -.4658100000D+01 -.4631800000D+01
1   6420180628201808172458297.5 -.3030000000D-01  .2740000000D-02  .9331800000D+01  .1560000000D-01  .2260000000D-03  .6240000000D-01 -.2960623000D+01 -.1543300000D+01 -.8014000000D+00 -.2853900000D+01 -.5680000000D-01  .7200000000D-03  .2393500000D+01  .2097000000D-01  .2640000000D-03  .1770000000D-01 -.4775039000D+01 -.1050500000D+01 -.5485200000D+01 -.4517400000D+01  .2349000000D+00 -.2700000000D-03  .9073500000D+01  .1329000000D-01  .2930000000D-03  .6100000000D-01 -.1376032000D+01 -.2060000000D-01 -.5985900000D+01 -.1643800000D+01
1   6520180817201810062458347.5  .1134000000D+00  .1040000000D-02  .9237700000D+01  .7630000000D-02  .8310000000D-03  .6370000000D-01 -.4160118000D+01 -.2670400000D+01 -.5737900000D+01 -.5905500000D+01 -.4460000000D-01 -.3300000000D-03  .2242600000D+01  .9040000000D-02  .4490000000D-03  .1840000000D-01 -.2618530000D+00 -.7553000000D+00 -.4807600000D+01 -.1832900000D+01  .1663000000D+00 -.5200000000D-03  .9228200000D+01  .1258000000D-01  .9310000000D-03  .6470000000D-01 -.2560219000D+01 -.1250100000D+01 -.4341500000D+01 -.4424300000D+01
1   6620181006201811252458397.5  .1563000000D+00  .2000000000D-04  .9334200000D+01  .7094000000D-01  .5550000000D-03  .7580000000D-01 -.5667146000D+01 -.8670000000D+00 -.2207800000D+01 -.3149100000D+01 -.4920000000D-01  .4400000000D-03  .2631300000D+01  .4047000000D-01  .4050000000D-03  .2870000000D-01 -.1258962000D+01 -.1310000000D+00 -.1974900000D+01 -.4397200000D+01  .1746000000D+00 -.7500000000D-03  .9039800000D+01  .8319000000D-01  .6530000000D-03  .6170000000D-01 -.4065949000D+01 -.5700000000D+01 -.6677000000D+00 -.1683400000D+01
1   6720181125201901142458447.5  .1490000000D+00 -.8100000000D-03  .9140000000D+01  .9316000000D-01  .7230000000D-03  .7010000000D-01 -.1148054000D+01 -.2795200000D+01 -.4453000000D+01 -.4053000000D+00 -.3690000000D-01 -.1300000000D-03  .4371700000D+01  .4831000000D-01  .6050000000D-03  .4160000000D-01 -.2324522000D+01 -.2491700000D+01 -.4516100000D+01 -.1330900000D+01  .1178000000D+00  .1510000000D-02  .8492300000D+01  .1240500000D+00  .7380000000D-03  .6140000000D-01 -.5950437000D+01 -.1317200000D+01 -.3137000000D+01 -.5421000000D+01
1   6820190114201903052458497.5  .1151000000D+00 -.4500000000D-03  .8252600000D+01  .1123900000D+00  .7040000000D-03  .6000000000D-01 -.3019164000D+01 -.4782500000D+01 -.2307000000D+00 -.4071200000D+01 -.2890000000D-01  .5700000000D-03  .6069000000D+01  .5883000000D-01  .5660000000D-03  .4720000000D-01 -.3913303000D+01 -.5072100000D+01 -.7967000000D+00 -.4755400000D+01  .1908000000D+00 -.1200000000D-03  .8432900000D+01  .1318800000D+00  .7360000000D-03  .6280000000D-01 -.1715143000D+01 -.3276200000D+01 -.5311300000D+01 -.2896000000D+01
1   6920190305201904242458547.5  .9120000000D-01 -.1860000000D-02  .7415100000D+01  .1260400000D+00  .6920000000D-03  .5290000000D-01 -.5066046000D+01 -.4247000000D+00 -.2227200000D+01 -.1842100000D+01 -.2550000000D-01  .9000000000D-04  .6417400000D+01  .6155000000D-01  .5860000000D-03  .4220000000D-01 -.5661488000D+01 -.1176100000D+01 -.3431900000D+01 -.2027600000D+01  .2065000000D+00  .2100000000D-03  .9005500000D+01  .1203200000D+00  .6970000000D-03  .6630000000D-01 -.3745914000D+01 -.5260200000D+01 -.9517000000D+00 -.3737000000D+00
1   7020190424201906132458597.5 -.1670000000D-01 -.2400000000D-03  .7815800000D+01  .1290300000D+00  .8560000000D-03  .6730000000D-01 -.9290570000D+00 -.2311800000D+01 -.4411100000D+01 -.5787400000D+01 -.4000000000D-03  .6100000000D-03  .5186900000D+01  .5015000000D-01  .5540000000D-03  .2990000000D-01 -.1062668000D+01 -.3743800000D+01 -.5889900000D+01 -.5383500000D+01  .1981000000D+00  .5800000000D-03  .9379000000D+01  .1091700000D+00  .6870000000D-03  .6890000000D-01 -.5687117000D+01 -.9697000000D+00 -.2796600000D+01 -.4042800000D+01
1   7120190613201908022458647.5 -.1690000000D-01 -.7200000000D-03  .8991500000D+01  .1127700000D+00  .7990000000D-03  .7490000000D-01 -.2920902000D+01 -.4340700000D+01 -.2787000000D+00 -.3075900000D+01  .2660000000D-01  .1210000000D-02  .3149500000D+01  .4869000000D-01  .4580000000D-03  .2240000000D-01 -.2316015000D+01 -.9350000000D-01 -.2255600000D+01 -.1870600000D+01  .2277000000D+00 -.1200000000D-02  .9199900000D+01  .1090500000D+00  .6710000000D-03  .6600000000D-01 -.1300505000D+01 -.2942400000D+01 -.4752800000D+01 -.1372400000D+01
1   7220190802201909212458697.5 -.5540000000D-01 -.1700000000D-03  .9395900000D+01  .9415000000D-01  .5120000000D-03  .7210000000D-01 -.4763321000D+01 -.1592000000D+00 -.2157500000D+01 -.2935000000D+00  .7590000000D-01  .7000000000D-03  .3419100000D+01  .4272000000D-01  .4450000000D-03  .3190000000D-01 -.3024247000D+01 -.2568200000D+01 -.4715800000D+01 -.4668200000D+01  .1781000000D+00  .3300000000D-03  .8750300000D+01  .1116600000D+00  .5820000000D-03  .6150000000D-01 -.3221873000D+01 -.4887600000D+01 -.4390000000D+00 -.5070200000D+01
1   7320190921201911102458747.5 -.6850000000D-01  .6000000000D-04  .8790000000D+01  .8878000000D-01  .4080000000D-03  .6300000000D-01 -.2887870000D+00 -.2099500000D+01 -.3630400000D+01 -.3842000000D+01  .1290000000D+00 -.3000000000D-04  .5198200000D+01  .4200000000D-01  .4190000000D-03  .4180000000D-01 -.4378899000D+01 -.5102200000D+01 -.7537000000D+00 -.1686400000D+01  .1864000000D+00 -.8900000000D-03  .8489500000D+01  .1085500000D+00  .5700000000D-03  .6430000000D-01 -.5181238000D+01 -.4663000000D+00 -.2258100000D+01 -.2582900000D+01
1   7420191110201912302458797.5 -.6230000000D-01 -.1480000000D-02  .7845900000D+01  .9782000000D-01  .5010000000D-03  .5550000000D-01 -.2163644000D+01 -.3878100000D+01 -.5330200000D+01 -.1200100000D+01  .1128000000D+00  .3500000000D-03  .6126800000D+01  .4917000000D-01  .4380000000D-03  .4430000000D-01 -.6011212000D+01 -.1182600000D+01 -.3281600000D+01 -.4995400000D+01  .1366000000D+00 -.1100000000D-03  .8713700000D+01  .1083200000D+00  .6790000000D-03  .7170000000D-01 -.8410940000D+00 -.2290700000D+01 -.4230300000D+01 -.6212300000D+01
1   7520191230202002182458847.5 -.1287000000D+00 -.2700000000D-03  .7582700000D+01  .1156600000D+00  .6250000000D-03  .5670000000D-01 -.4167883000D+01 -.5655600000D+01 -.1228800000D+01 -.4862400000D+01  .1324000000D+00 -.1290000000D-02  .5795300000D+01  .4861000000D-01  .5380000000D-03  .3740000000D-01 -.1402373000D+01 -.3574700000D+01 -.5746600000D+01 -.1989900000D+01  .1380000000D+00 -.5900000000D-03  .9201300000D+01  .1078100000D+00  .6650000000D-03  .7400000000D-01 -.2728233000D+01 -.4229700000D+01 -.6250900000D+01 -.3438400000D+01
1   7620200218202004082458897.5 -.1616000000D+00 -.1240000000D-02  .8498700000D+01  .1135200000D+00  .7100000000D-03  .6380000000D-01 -.6186181000D+01 -.1280800000D+01 -.3383100000D+01 -.2297400000D+01  .7540000000D-01 -.1280000000D-02  .4037700000D+01  .4999000000D-01  .4920000000D-03  .2430000000D-01 -.2920975000D+01 -.6224700000D+01 -.1945300000D+01 -.4734300000D+01  .1124000000D+00 -.1050000000D-02  .9400200000D+01  .1048900000D+00  .5860000000D-03  .6860000000D-01 -.4587819000D+01 -.6219300000D+01 -.1765000000D+01 -.7064000000D+00
1   7720200408202005282458947.5 -.2137000000D+00  .2700000000D-03  .9319400000D+01  .9369000000D-01  .6440000000D-03  .7100000000D-01 -.1789121000D+01 -.3301600000D+01 -.5228300000D+01 -.5903800000D+01 -.6500000000D-02 -.1270000000D-02  .2669100000D+01  .5150000000D-01  .5050000000D-03  .3080000000D-01 -.3699119000D+01 -.2353100000D+01 -.4589200000D+01 -.8554000000D+00  .4440000000D-01 -.2900000000D-03  .9067700000D+01  .1089900000D+00  .5620000000D-03  .6280000000D-01 -.1888480000D+00 -.1877700000D+01 -.3648000000D+01 -.4347900000D+01
1   7820200528202007172458997.5 -.1948000000D+00  .2900000000D-03  .9079700000D+01  .9052000000D-01  .5260000000D-03  .7130000000D-01 -.3587679000D+01 -.5305600000D+01 -.1056300000D+01 -.3104700000D+01 -.5800000000D-01 -.6400000000D-03  .4269300000D+01  .4212000000D-01  .4210000000D-03  .4260000000D-01 -.4661227000D+01 -.4842300000D+01 -.8316000000D+00 -.3918900000D+01  .3960000000D-01 -.1700000000D-02  .8646600000D+01  .1117900000D+00  .5050000000D-03  .6190000000D-01 -.2123570000D+01 -.3768900000D+01 -.5955400000D+01 -.1684100000D+01
1   7920200717202009052459047.5 -.2037000000D+00  .4800000000D-03  .8322100000D+01  .8768000000D-01  .7260000000D-03  .6940000000D-01 -.5374532000D+01 -.9582000000D+00 -.4003800000D+01 -.2249000000D+00 -.1045000000D+00 -.5400000000D-03  .5636600000D+01  .3448000000D-01  .3030000000D-03  .4970000000D-01 -.6164005000D+01 -.1059500000D+01 -.4004400000D+01 -.8283000000D+00 -.3870000000D-01  .9700000000D-03  .8721200000D+01  .9195000000D-01  .7260000000D-03  .6380000000D-01 -.4024833000D+01 -.5600300000D+01 -.2311800000D+01 -.5071800000D+01
1   8020200905202010252459097.5 -.1486000000D+00  .8500000000D-03  .7785200000D+01  .6400000000D-02  .5450000000D-03  .8450000000D-01 -.7420170000D+00 -.4874500000D+01 -.5698100000D+01 -.3348800000D+01 -.1166000000D+00 -.7000000000D-04  .5980100000D+01  .9400000000D-03  .1140000000D-03  .5280000000D-01 -.1372844000D+01 -.3555500000D+01 -.6244600000D+01 -.3921700000D+01  .5900000000D-02  .1230000000D-02  .8884100000D+01  .4660000000D-02  .5640000000D-03  .6630000000D-01 -.5675376000D+01 -.5074400000D+01 -.3695300000D+01 -.1984700000D+01
1   8120201025202012142459147.5 -.1382000000D+00  .1040000000D-02  .8053000000D+01  .3572000000D-01  .1017000000D-02  .6680000000D-01 -.1884170000D+01 -.5992000000D+00 -.3694700000D+01 -.3700000000D-01 -.1359000000D+00 -.2300000000D-03  .6000100000D+01  .3190000000D-02  .4000000000D-03  .4940000000D-01 -.2667405000D+01 -.1868200000D+01 -.4088600000D+01 -.7906000000D+00  .8060000000D-01  .1460000000D-02  .8634700000D+01  .2780000000D-01  .9930000000D-03  .6300000000D-01 -.5623610000D+00 -.5056400000D+01 -.2088900000D+01 -.5067300000D+01
1   8220201214202102022459197.5 -.6850000000D-01 -.1800000000D-03  .7947900000D+01  .6635000000D-01  .5610000000D-03  .6330000000D-01 -.3292336000D+01 -.4926700000D+01 -.6102700000D+01 -.3428400000D+01 -.1364000000D+00  .3100000000D-03  .6269000000D+01  .3929000000D-01  .3760000000D-03  .5090000000D-01 -.4126901000D+01 -.5326800000D+01 -.7083000000D+00 -.4104400000D+01  .1533000000D+00 -.8000000000D-03  .8487200000D+01  .7393000000D-01  .4730000000D-03  .6020000000D-01 -.2013015000D+01 -.3489200000D+01 -.4627100000D+01 -.2098200000D+01
2   8320100101201002102455197.5 -.6200000000D-02  .5700000000D-03  .2336200000D+02  .3798000000D-01  .1055000000D-02  .8200000000D-02  .4139981000D+01  .5388800000D+01  .6104900000D+01 -.1378000000D+01  .5800000000D-02 -.2500000000D-03  .7949000000D+01  .5932000000D-01  .7300000000D-03  .3600000000D-02  .5905416000D+01  .3224700000D+01  .4269400000D+01 -.5685300000D+01  .2700000000D-02  .6000000000D-04  .2213940000D+02  .5497000000D-01  .1077000000D-02  .8200000000D-02  .5688867000D+01  .7214000000D+00  .1141600000D+01 -.2707700000D+01
2   8420100210201003222455237.5  .3600000000D-02  .1000000000D-03  .2340280000D+02  .8528000000D-01  .2208000000D-02  .1800000000D-02  .2349473000D+01  .4069800000D+01  .8821000000D+00 -.5736200000D+01  .6000000000D-03  .1000000000D-04  .6209900000D+01  .8020000000D-01  .1262000000D-02  .1100000000D-02  .3636621000D+01  .2002300000D+01  .4983100000D+01 -.5088200000D+01  .3400000000D-02 -.4000000000D-04  .2269610000D+02  .1017900000D+00  .2446000000D-02  .2800000000D-02  .3940820000D+01  .5437500000D+01  .2301200000D+01 -.4361500000D+01
2   8520100322201005012455277.5 -.1000000000D-03  .2600000000D-03  .2323260000D+02  .1005500000D+00  .1167000000D-02  .2600000000D-02  .4341720000D+00  .5260500000D+01  .4663600000D+01 -.1966000000D+01  .2500000000D-02 -.7000000000D-04  .6574000000D+01  .2549000000D-01  .5860000000D-03  .1500000000D-02  .1531334000D+01  .2802000000D+01  .2367500000D+01 -.5400900000D+01  .4000000000D-02 -.5000000000D-04  .2270120000D+02  .1001600000D+00  .1496000000D-02  .4400000000D-02  .2037630000D+01  .4701000000D+00  .6149000000D+01 -.2769700000D+01
2   8620100501201006102455317.5  .6100000000D-02 -.1000000000D-03  .2345640000D+02  .1833300000D+00  .1148000000D-02  .1600000000D-02  .4565164000D+01  .3011100000D+01  .1566500000D+01 -.9585000000D+00  .1200000000D-02  .0000000000D+00  .7681700000D+01  .7191000000D-01  .7840000000D-03  .1000000000D-02  .6115136000D+01  .5379000000D+00  .5138800000D+01 -.2958000000D+01  .2500000000D-02  .7000000000D-04  .2214030000D+02  .2096800000D+00  .1316000000D-02  .3000000000D-02  .6138701000D+01  .4500500000D+01  .3216500000D+01 -.6172300000D+01
2   8720100610201007202455357.5  .4000000000D-02 -.4000000000D-04  .2303160000D+02  .2140900000D+00  .1352000000D-02  .7000000000D-03  .2319130000D+01  .6448000000D+00  .5345200000D+01 -.3977000000D+00  .1300000000D-02  .1000000000D-04  .1056910000D+02  .9227000000D-01  .1083000000D-02  .2000000000D-02  .4279892000D+01  .4106900000D+01  .2343500000D+01 -.4892100000D+01  .7800000000D-02 -.1100000000D-03  .2139500000D+02  .2626200000D+00  .1511000000D-02  .5000000000D-02  .3804359000D+01  .2174100000D+01  .6141000000D+00 -.4322700000D+01
2   8820100720201008292455397.5  .3000000000D-03  .3000000000D-04  .2162830000D+02  .2398400000D+00  .1507000000D-02  .1000000000D-02  .1662600000D-01  .4545000000D+01  .3017700000D+01 -.3991000000D+01  .3400000000D-02 -.5000000000D-04  .1372770000D+02  .1172500000D+00  .1234000000D-02  .2200000000D-02  .2205045000D+01  .1327500000D+01  .5895100000D+01 -.3052200000D+01  .4700000000D-02  .7000000000D-04  .2105890000D+02  .2915300000D+00  .1735000000D-02  .2800000000D-02  .1380545000D+01  .6098900000D+01  .4410500000D+01 -.2962600000D+01
2   8920100829201010082455437.5  .1400000000D-02 -.1400000000D-03  .1969380000D+02  .2772800000D+00  .1761000000D-02  .1200000000D-02  .3910382000D+01  .2173900000D+01  .6857000000D+00 -.3339900000D+01  .1600000000D-02  .8000000000D-04  .1570640000D+02  .1476500000D+00  .1364000000D-02  .3600000000D-02  .6280818000D+01  .4910800000D+01  .3015400000D+01 -.6228400000D+01  .8300000000D-02 -.1400000000D-03  .2157540000D+02  .3078700000D+00  .2017000000D-02  .2900000000D-02  .5200805000D+01  .3708900000D+01  .1920300000D+01 -.5712200000D+01
2   9020101008201011172455477.5 -.6400000000D-02  .1000000000D-03  .1845110000D+02  .3274400000D+00  .2136000000D-02  .3500000000D-02  .1383754000D+01  .6079400000D+01  .4449600000D+01 -.1424700000D+01  .7900000000D-02 -.2000000000D-03  .1572440000D+02  .1596600000D+00  .1732000000D-02  .5000000000D-02  .4015815000D+01  .2195400000D+01  .1310000000D-01 -.3788400000D+01  .7900000000D-02 -.1700000000D-03  .2265760000D+02  .3171200000D+00  .2329000000D-02  .3300000000D-02  .2742946000D+01  .1264200000D+01  .5702900000D+01 -.4109300000D+01
2   9120101117201012272455517.5 -.1900000000D-02 -.1900000000D-03  .1957610000D+02  .3627800000D+00  .2673000000D-02  .5300000000D-02  .5046170000D+01  .3644800000D+01  .1699100000D+01 -.5388000000D+01 -.8000000000D-03  .1700000000D-03  .1307460000D+02  .1452000000D+00  .1984000000D-02  .4400000000D-02  .1789097000D+01  .5483300000D+01  .3307000000D+01 -.5229000000D+00  .2200000000D-02  .0000000000D+00  .2342020000D+02  .3259100000D+00  .2551000000D-02  .1300000000D-02  .2987490000D+00  .5030800000D+01  .3208200000D+01 -.4419900000D+01
2   9220101227201102052455557.5 -.8600000000D-02  .1500000000D-03  .2232190000D+02  .3403900000D+00  .2891000000D-02  .5500000000D-02  .2493348000D+01  .1085700000D+01  .5314500000D+01 -.2501300000D+01  .5700000000D-02 -.2100000000D-03  .8393500000D+01  .1472200000D+00  .1855000000D-02  .4100000000D-02  .6166882000D+01  .2269100000D+01  .8930000000D-01 -.3561500000D+01  .5000000000D-02 -.2900000000D-03  .2311600000D+02  .3432100000D+00  .2603000000D-02  .3400000000D-02  .4123296000D+01  .2472800000D+01  .6929000000D+00 -.3919900000D+01
2   9320110205201103172455597.5 -.6000000000D-02  .7000000000D-04  .2346540000D+02  .3036900000D+00  .2454000000D-02  .2500000000D-02  .4830500000D-01  .4720400000D+01  .2807400000D+01 -.3484000000D+00 -.3000000000D-02  .2000000000D-03  .8340400000D+01  .1378200000D+00  .1916000000D-02  .3800000000D-02  .4831133000D+01  .5423600000D+01  .3258200000D+01 -.6890000000D+00 -.6400000000D-02  .1200000000D-03  .2194170000D+02  .3633600000D+00  .2547000000D-02  .1700000000D-02  .1609472000D+01  .6218800000D+01  .4415400000D+01 -.5857000000D+00
2   9420110317201104262455637.5 -.2400000000D-02  .1000000000D-04  .2211310000D+02  .3000600000D+00  .2068000000D-02  .1200000000D-02  .3917865000D+01  .2146500000D+01  .4065000000D+00 -.4678100000D+01  .3200000000D-02 -.7000000000D-04  .1282380000D+02  .1406600000D+00  .1739000000D-02  .1800000000D-02  .2923322000D+01  .2235400000D+01  .3200000000D+00 -.3284600000D+01 -.6000000000D-03 -.2200000000D-03  .2116200000D+02  .3695700000D+00  .2504000000D-02  .5700000000D-02  .5316448000D+01  .3722400000D+01  .1818600000D+01 -.4835700000D+01
2   9520110426201106052455677.5 -.3300000000D-02  .2200000000D-03  .1971960000D+02  .3190500000D+00  .1973000000D-02  .1400000000D-02  .1442972000D+01  .5969500000D+01  .4290500000D+01 -.2088100000D+01 -.2600000000D-02  .2600000000D-03  .1557520000D+02  .1641900000D+00  .1556000000D-02  .3200000000D-02  .6911850000D+00  .5581000000D+01  .3551900000D+01 -.5408000000D+00 -.4100000000D-02 -.2000000000D-04  .2169160000D+02  .3542900000D+00  .2461000000D-02  .4700000000D-02  .2743431000D+01  .1238800000D+01  .5532400000D+01 -.2921900000D+01
2   9620110605201107152455717.5  .5400000000D-02 -.7000000000D-04  .1845830000D+02  .3410700000D+00  .2072000000D-02  .7000000000D-03  .5136773000D+01  .3560200000D+01  .1714900000D+01 -.5668700000D+01  .6900000000D-02 -.1900000000D-03  .1548750000D+02  .1559700000D+00  .1658000000D-02  .2900000000D-02  .4685356000D+01  .2779500000D+01  .5360000000D+00 -.3387200000D+01 -.4600000000D-02  .5000000000D-04  .2285550000D+02  .3264700000D+00  .2295000000D-02  .2800000000D-02  .2408430000D+00  .5020400000D+01  .3032800000D+01 -.6248900000D+01
2   9720110715201108242455757.5  .3800000000D-02  .1100000000D-03  .1981520000D+02  .3329800000D+00  .2215000000D-02  .3700000000D-02  .2531590000D+01  .1133000000D+01  .5335600000D+01 -.1801500000D+01 -.7000000000D-03  .1500000000D-03  .1264060000D+02  .1254300000D+00  .1485000000D-02  .3700000000D-02  .2481102000D+01  .6074800000D+01  .3910700000D+01 -.7657000000D+00  .1000000000D-03 -.7000000000D-04  .2346970000D+02  .3026200000D+00  .2014000000D-02  .4600000000D-02  .4088907000D+01  .2508200000D+01  .5797000000D+00 -.4396300000D+01
2   9820110824201110032455797.5  .5500000000D-02  .4000000000D-04  .2225590000D+02  .2858200000D+00  .1986000000D-02  .3300000000D-02  .5517800000D-01  .4927200000D+01  .2783300000D+01 -.5502300000D+01  .4600000000D-02 -.1800000000D-03  .8516400000D+01  .1119100000D+00  .1142000000D-02  .3300000000D-02  .5814780000D+00  .3029800000D+01  .8861000000D+00 -.4067000000D+01 -.1500000000D-02  .1200000000D-03  .2312010000D+02  .2869900000D+00  .1696000000D-02  .2000000000D-02  .1685628000D+01  .2930000000D-01  .4419600000D+01 -.3524300000D+01
2   9920111003201111122455837.5  .6500000000D-02 -.3000000000D-04  .2345010000D+02  .2379900000D+00  .1451000000D-02  .3800000000D-02  .3986501000D+01  .2416700000D+01  .2795000000D+00 -.2975000000D+01 -.1300000000D-02  .8000000000D-04  .7580700000D+01  .9414000000D-01  .9270000000D-03  .2000000000D-02  .5410488000D+01  .1434000000D+00  .4222500000D+01 -.1095400000D+01  .5900000000D-02 -.1400000000D-03  .2224370000D+02  .2721200000D+00  .1376000000D-02  .1200000000D-02  .5573668000D+01  .3897800000D+01  .1879300000D+01 -.4963100000D+01
2  10020111112201112222455877.5  .3000000000D-02  .7000000000D-04  .2309010000D+02  .2011300000D+00  .1007000000D-02  .4000000000D-02  .1708635000D+01  .6262900000D+01  .3800800000D+01 -.9197000000D+00  .2800000000D-02 -.1100000000D-03  .1024140000D+02  .7397000000D-01  .6230000000D-03  .2900000000D-02  .3679600000D+01  .3559500000D+01  .1263200000D+01 -.4566700000D+01  .4600000000D-02  .0000000000D+00  .2156360000D+02  .2434300000D+00  .1240000000D-02  .1400000000D-02  .3198088000D+01  .1555200000D+01  .5295600000D+01 -.3838400000D+01
2  10120111222201201312455917.5  .7100000000D-02 -.1600000000D-03  .2207280000D+02  .1470800000D+00  .1616000000D-02  .4200000000D-02  .5780023000D+01  .3986000000D+01  .8555000000D+00 -.5089900000D+01 -.3000000000D-03  .4000000000D-04  .1245660000D+02  .5203000000D-01  .7460000000D-03  .1800000000D-02  .1689555000D+01  .8811000000D+00  .4305800000D+01 -.2882000000D+01  .2300000000D-02  .1300000000D-03  .2146980000D+02  .1741200000D+00  .2092000000D-02  .2000000000D-02  .9069090000D+00  .5581200000D+01  .2441900000D+01 -.4768400000D+01
2  10220120131201203112455957.5 -.3000000000D-02  .3100000000D-03  .2157160000D+02  .1921000000D-01  .1290000000D-02  .3400000000D-02  .3715761000D+01  .4419800000D+01  .5220900000D+01 -.7302000000D+00  .5100000000D-02 -.2200000000D-03  .1293040000D+02  .2505000000D-01  .5350000000D-03  .1300000000D-02  .5988184000D+01  .2515700000D+01  .3135600000D+01 -.3812300000D+01 -.1000000000D-02  .2700000000D-03  .2159780000D+02  .2504000000D-01  .1713000000D-02  .6300000000D-02  .5108987000D+01  .4990000000D-01  .5688000000D+00 -.2514500000D+01
2  10320120311201204202455997.5  .4900000000D-02 -.5000000000D-04  .2243080000D+02  .9989000000D-01  .1982000000D-02  .3500000000D-02  .1912295000D+01  .3252700000D+01  .1862000000D+00 -.5252200000D+01  .2000000000D-02 -.7000000000D-04  .1123160000D+02  .5956000000D-01  .9960000000D-03  .4000000000D-03  .4083475000D+01  .1249300000D+01  .3877900000D+01 -.3662300000D+01  .2800000000D-02  .8000000000D-04  .2173720000D+02  .1349700000D+00  .2533000000D-02  .2600000000D-02  .3356627000D+01  .4967000000D+01  .1788100000D+01 -.5564900000D+01
2  10420120420201205302456037.5  .3000000000D-02  .6000000000D-04  .2284070000D+02  .7337000000D-01  .1331000000D-02  .1700000000D-02  .3503600000D-01  .4787000000D+01  .4189900000D+01 -.4989300000D+01  .2100000000D-02 -.7000000000D-04  .1053410000D+02  .3830000000D-01  .5070000000D-03  .6000000000D-03  .2072522000D+01  .1379000000D+01  .1312900000D+01 -.3932700000D+01  .1400000000D-02  .1500000000D-03  .2157580000D+02  .7948000000D-01  .1704000000D-02  .4600000000D-02  .1508124000D+01  .6202800000D+01  .5823700000D+01 -.2489400000D+01
2  10520120530201207092456077.5  .6600000000D-02 -.1600000000D-03  .2229880000D+02  .1714600000D+00  .1175000000D-02  .2000000000D-02  .4194755000D+01  .2494300000D+01  .1337600000D+01 -.4162300000D+01 -.2000000000D-02  .1400000000D-03  .1235050000D+02  .8257000000D-01  .8150000000D-03  .2500000000D-02  .3447800000D-01  .5650400000D+01  .4258300000D+01 -.1104700000D+01  .2100000000D-02  .1400000000D-03  .2118890000D+02  .2105800000D+00  .1349000000D-02  .4200000000D-02  .5611334000D+01  .4035200000D+01  .2822800000D+01 -.3597000000D+00
2  10620120709201208182456117.5  .2300000000D-02 -.4000000000D-04  .2089960000D+02  .2257200000D+00  .1472000000D-02  .3000000000D-03  .1927058000D+01  .1804000000D+00  .5107900000D+01 -.4793200000D+01  .2700000000D-02 -.4000000000D-04  .1464430000D+02  .1176200000D+00  .1107000000D-02  .1500000000D-02  .4187897000D+01  .3089100000D+01  .1480900000D+01 -.5135500000D+01  .7600000000D-02 -.8000000000D-04  .2116460000D+02  .2720600000D+00  .1626000000D-02  .1800000000D-02  .3254651000D+01  .1725500000D+01  .1126000000D+00 -.4612200000D+01
2  10720120818201209272456157.5 -.4000000000D-03 -.3000000000D-04  .1916530000D+02  .2793600000D+00  .1845000000D-02  .2800000000D-02  .5813534000D+01  .4122500000D+01  .2659600000D+01 -.5493500000D+01 -.4000000000D-03  .1600000000D-03  .1594310000D+02  .1478000000D+00  .1378000000D-02  .4900000000D-02  .1965069000D+01  .4717000000D+00  .4850500000D+01 -.2048900000D+01  .3200000000D-02  .1500000000D-03  .2187510000D+02  .3008900000D+00  .1976000000D-02  .2900000000D-02  .8260310000D+00  .5626000000D+01  .3867400000D+01 -.1799400000D+01
2  10820120927201211062456197.5  .3300000000D-02 -.3300000000D-03  .1848760000D+02  .3405200000D+00  .2269000000D-02  .5500000000D-02  .3266458000D+01  .1739500000D+01  .9100000000D-02 -.3631500000D+01  .3800000000D-02 -.5000000000D-04  .1526000000D+02  .1543500000D+00  .1872000000D-02  .4400000000D-02  .5983502000D+01  .4026800000D+01  .1855100000D+01 -.5857900000D+01  .8100000000D-02 -.1400000000D-03  .2294170000D+02  .3140700000D+00  .2343000000D-02  .1600000000D-02  .4667139000D+01  .3173200000D+01  .1378100000D+01 -.4222000000D+00
2  10920121106201212162456237.5 -.8800000000D-02  .1700000000D-03  .2028700000D+02  .3681500000D+00  .2799000000D-02  .4300000000D-02  .6541340000D+00  .5551300000D+01  .3523800000D+01 -.8812000000D+00 -.1800000000D-02  .1600000000D-03  .1182620000D+02  .1411100000D+00  .2003000000D-02  .4700000000D-02  .3794649000D+01  .9387000000D+00  .5114900000D+01 -.2284100000D+01  .1400000000D-02  .8000000000D-04  .2346560000D+02  .3275000000D+00  .2617000000D-02  .1800000000D-02  .2223320000D+01  .6498000000D+00  .5151000000D+01 -.1546200000D+01
2  11020121216201301252456277.5 -.1700000000D-02 -.2100000000D-03  .2290200000D+02  .3328000000D+00  .2783000000D-02  .5200000000D-02  .4412163000D+01  .2949700000D+01  .9158000000D+00 -.4563000000D+01  .4600000000D-02 -.2100000000D-03  .7396500000D+01  .1444400000D+00  .1909000000D-02  .4200000000D-02  .2074791000D+01  .4026100000D+01  .1863800000D+01 -.5395500000D+01 -.3000000000D-03  .0000000000D+00  .2286550000D+02  .3506000000D+00  .2695000000D-02  .3200000000D-02  .6035016000D+01  .4379100000D+01  .2589600000D+01 -.5747700000D+01
2  11120130125201303062456317.5 -.8100000000D-02  .1600000000D-03  .2332950000D+02  .3003900000D+00  .2301000000D-02  .1900000000D-02  .1978432000D+01  .3062000000D+00  .4743100000D+01 -.3816400000D+01 -.2700000000D-02  .1400000000D-03  .9391400000D+01  .1327400000D+00  .1930000000D-02  .2500000000D-02  .6816040000D+00  .8656000000D+00  .5089400000D+01 -.2687400000D+01  .5000000000D-03 -.1500000000D-03  .2166370000D+02  .3720200000D+00  .2603000000D-02  .4200000000D-02  .3501774000D+01  .1845400000D+01  .6264000000D+01 -.2749800000D+01
2  11220130306201304152456357.5 -.1900000000D-02 -.3000000000D-04  .2150470000D+02  .3028700000D+00  .2046000000D-02  .7000000000D-03  .5836534000D+01  .4056300000D+01  .2354700000D+01 -.5081400000D+01  .3000000000D-02 -.1200000000D-03  .1377090000D+02  .1459400000D+00  .1713000000D-02  .3500000000D-02  .4914707000D+01  .3998800000D+01  .2132200000D+01 -.4933100000D+01 -.7200000000D-02  .1300000000D-03  .2120750000D+02  .3715600000D+00  .2492000000D-02  .5200000000D-02  .9170100000D+00  .5627400000D+01  .3673300000D+01 -.8036000000D+00
2  11320130415201305252456397.5  .2000000000D-02 -.7000000000D-04  .1919960000D+02  .3274300000D+00  .2023000000D-02  .1500000000D-02  .3333030000D+01  .1617400000D+01  .6172700000D+01 -.3855200000D+01  .1400000000D-02  .3000000000D-04  .1578120000D+02  .1663900000D+00  .1651000000D-02  .3100000000D-02  .2646324000D+01  .1141500000D+01  .5338600000D+01 -.2428000000D+01 -.2100000000D-02 -.1200000000D-03  .2200910000D+02  .3475700000D+00  .2382000000D-02  .3200000000D-02  .4639294000D+01  .3135900000D+01  .1158800000D+01 -.4945300000D+01
2  11420130525201307042456437.5 -.6000000000D-03  .2000000000D-03  .1859460000D+02  .3475100000D+00  .2132000000D-02  .2100000000D-02  .7245570000D+00  .5483800000D+01  .3555900000D+01 -.5789500000D+01  .4000000000D-02 -.8000000000D-04  .1493780000D+02  .1496800000D+00  .1762000000D-02  .4500000000D-02  .3608900000D+00  .4607200000D+01  .2365100000D+01 -.5389800000D+01 -.8200000000D-02  .2100000000D-03  .2310480000D+02  .3188500000D+00  .2234000000D-02  .2700000000D-02  .2153177000D+01  .6334000000D+00  .4978000000D+01 -.2550400000D+01
2  11520130704201308132456477.5  .8800000000D-02 -.1600000000D-03  .2050780000D+02  .3283200000D+00  .2222000000D-02  .5400000000D-02  .4423371000D+01  .3033300000D+01  .9451000000D+00 -.4053600000D+01  .1600000000D-02  .0000000000D+00  .1148390000D+02  .1230600000D+00  .1527000000D-02  .3700000000D-02  .4485147000D+01  .1564500000D+01  .5711000000D+01 -.2869300000D+01 -.3300000000D-02  .5000000000D-04  .2345940000D+02  .3010200000D+00  .2040000000D-02  .2400000000D-02  .6008191000D+01  .4414000000D+01  .2529100000D+01 -.5002000000D+00
2  11620130813201309222456517.5  .4100000000D-02  .1000000000D-03  .2278890000D+02  .2791900000D+00  .1965000000D-02  .1900000000D-02  .1972739000D+01  .5236000000D+00  .4744800000D+01 -.1476900000D+01  .6000000000D-03 -.1000000000D-04  .7630000000D+01  .1141400000D+00  .1266000000D-02  .3200000000D-02  .2725747000D+01  .4819100000D+01  .2662500000D+01 -.6044300000D+01  .1000000000D-03  .0000000000D+00  .2290800000D+02  .2943000000D+00  .1794000000D-02  .5000000000D-03  .3599400000D+01  .1940000000D+01  .7930000000D-01 -.6642000000D+00
2  11720130922201311012456557.5  .9000000000D-02 -.1500000000D-03  .2346130000D+02  .2416300000D+00  .1530000000D-02  .4000000000D-02  .5907342000D+01  .4291800000D+01  .2344000000D+01 -.5223800000D+01  .0000000000D+00  .0000000000D+00  .8262600000D+01  .9953000000D-01  .1126000000D-02  .2200000000D-02  .1289887000D+01  .1890300000D+01  .6062300000D+01 -.2884600000D+01 -.9000000000D-03  .1700000000D-03  .2198160000D+02  .2889500000D+00  .1556000000D-02  .9000000000D-03  .1182628000D+01  .5800900000D+01  .3903200000D+01 -.8197000000D+00
2  11820131101201312112456597.5  .7200000000D-02 -.9000000000D-04  .2255450000D+02  .2248400000D+00  .1144000000D-02  .3400000000D-02  .3602497000D+01  .1852200000D+01  .6190100000D+01 -.3578200000D+01 -.2500000000D-02  .1000000000D-03  .1163030000D+02  .9302000000D-01  .8880000000D-03  .2600000000D-02  .5701882000D+01  .5245300000D+01  .3295900000D+01 -.6832000000D+00  .4700000000D-02 -.1000000000D-04  .2139480000D+02  .2740800000D+00  .1347000000D-02  .8000000000D-03  .5043083000D+01  .3431200000D+01  .1398700000D+01 -.2645600000D+01
2  11920131211201401202456637.5  .2400000000D-02  .6000000000D-04  .2097020000D+02  .2114600000D+00  .9050000000D-03  .1700000000D-02  .1306007000D+01  .5787400000D+01  .3425500000D+01 -.8573000000D+00  .2000000000D-03 -.1000000000D-04  .1414930000D+02  .9389000000D-01  .6080000000D-03  .3000000000D-03  .3608491000D+01  .2505900000D+01  .3385000000D+00 -.4171300000D+01  .1700000000D-02  .1600000000D-03  .2151210000D+02  .2427700000D+00  .1209000000D-02  .2800000000D-02  .2653561000D+01  .1101600000D+01  .4970600000D+01 -.1235900000D+01
2  12020140120201403012456677.5  .6100000000D-02 -.2000000000D-03  .1962900000D+02  .1701300000D+00  .1555000000D-02  .4200000000D-02  .5314111000D+01  .3535000000D+01  .4639000000D+00 -.5145500000D+01 -.1700000000D-02  .1100000000D-03  .1524700000D+02  .7660000000D-01  .6520000000D-03  .1900000000D-02  .1485492000D+01  .4300000000D-02  .3335200000D+01 -.1617500000D+01  .3100000000D-02  .9000000000D-04  .2204520000D+02  .1834700000D+00  .1748000000D-02  .3100000000D-02  .3585070000D+00  .5103500000D+01  .2071400000D+01 -.6144700000D+01
2  12120140301201404102456717.5  .0000000000D+00  .8000000000D-04  .1906570000D+02  .2232000000D-01  .1985000000D-02  .3900000000D-02  .3180263000D+01  .1654000000D+01  .4621200000D+01 -.5522000000D+00 -.3000000000D-03  .6000000000D-04  .1537680000D+02  .1708000000D-01  .6370000000D-03  .2000000000D-02  .5723468000D+01  .4155800000D+01  .1201900000D+01 -.2378400000D+01 -.1000000000D-02  .3000000000D-03  .2234050000D+02  .2774000000D-01  .2111000000D-02  .5600000000D-02  .4523331000D+01  .3161600000D+01  .5000000000D-02 -.1775700000D+01
2  12220140410201405202456757.5  .6700000000D-02 -.2000000000D-03  .1961040000D+02  .1378200000D+00  .1950000000D-02  .2200000000D-02  .1376022000D+01  .2732000000D+01  .5920500000D+01 -.5240100000D+01 -.1400000000D-02  .8000000000D-04  .1519390000D+02  .3298000000D-01  .8620000000D-03  .2000000000D-03  .3828867000D+01  .5926500000D+01  .2549100000D+01 -.3091400000D+01 -.7000000000D-03  .2600000000D-03  .2206700000D+02  .1459400000D+00  .2226000000D-02  .6200000000D-02  .2704375000D+01  .4477700000D+01  .1260800000D+01 -.6005200000D+01
2  12320140520201406292456797.5 -.7000000000D-03  .1600000000D-03  .2036380000D+02  .4497000000D-01  .1782000000D-02  .3200000000D-02  .5859349000D+01  .4446100000D+01  .3812000000D+01 -.6239600000D+01  .2300000000D-02 -.9000000000D-04  .1491300000D+02  .4414000000D-01  .7370000000D-03  .2700000000D-02  .1904090000D+01  .6939000000D+00  .2109000000D+00 -.3153000000D+01 -.5000000000D-03  .2500000000D-03  .2146450000D+02  .5490000000D-01  .1939000000D-02  .3800000000D-02  .8952750000D+00  .5623200000D+01  .5435800000D+01 -.2228400000D+01
2  12420140629201408082456837.5  .3900000000D-02 -.1200000000D-03  .1976980000D+02  .1821300000D+00  .1444000000D-02  .8000000000D-03  .3730966000D+01  .2038100000D+01  .1059600000D+01 -.2832100000D+01 -.8000000000D-03  .9000000000D-04  .1559880000D+02  .1062700000D+00  .9070000000D-03  .2200000000D-02  .6095586000D+01  .4772000000D+01  .3301900000D+01 -.5008000000D+00  .5000000000D-02  .1000000000D-04  .2153570000D+02  .2065400000D+00  .1445000000D-02  .3100000000D-02  .5024440000D+01  .3548500000D+01  .2373900000D+01 -.5497000000D+00
2  12520140808201409172456877.5 -.2100000000D-02  .9000000000D-04  .1870600000D+02  .2688200000D+00  .1820000000D-02  .5100000000D-02  .1364544000D+01  .6022500000D+01  .4668400000D+01 -.1641400000D+01  .5400000000D-02 -.1800000000D-03  .1593170000D+02  .1433400000D+00  .1328000000D-02  .5100000000D-02  .3894489000D+01  .2242000000D+01  .2682000000D+00 -.4248600000D+01  .7300000000D-02 -.6000000000D-04  .2226330000D+02  .2752900000D+00  .1881000000D-02  .1200000000D-02  .2684385000D+01  .1221400000D+01  .5847800000D+01 -.3514200000D+01
2  12620140917201410272456917.5 -.8000000000D-03 -.1000000000D-03  .1887500000D+02  .3378900000D+00  .2373000000D-02  .5300000000D-02  .5106084000D+01  .3649800000D+01  .1897800000D+01 -.5937900000D+01 -.2500000000D-02  .2000000000D-03  .1441930000D+02  .1479700000D+00  .1848000000D-02  .2900000000D-02  .1653957000D+01  .5740400000D+01  .3573000000D+01 -.1106200000D+01  .1700000000D-02  .1700000000D-03  .2317880000D+02  .3079800000D+00  .2310000000D-02  .8000000000D-03  .2810740000D+00  .5055300000D+01  .3277500000D+01 -.3500000000D-02
2  12720141027201412062456957.5 -.7100000000D-02  .1100000000D-03  .2118550000D+02  .3552000000D+00  .2894000000D-02  .4900000000D-02  .2528850000D+01  .1155400000D+01  .5406100000D+01 -.2647500000D+01  .7500000000D-02 -.3200000000D-03  .1026050000D+02  .1454400000D+00  .1874000000D-02  .4400000000D-02  .5825503000D+01  .2586800000D+01  .4661000000D+00 -.3955400000D+01  .8100000000D-02 -.2300000000D-03  .2342690000D+02  .3307500000D+00  .2563000000D-02  .2600000000D-02  .4130369000D+01  .2525700000D+01  .7537000000D+00 -.3517700000D+01
2  12820141206201501152456997.5 -.7800000000D-02  .8000000000D-04  .2329690000D+02  .3201300000D+00  .2684000000D-02  .3200000000D-02  .4265800000D-01  .4811000000D+01  .2811500000D+01 -.5653000000D+00 -.4900000000D-02  .2200000000D-03  .6937500000D+01  .1461400000D+00  .1896000000D-02  .3400000000D-02  .4336264000D+01  .5726700000D+01  .3522200000D+01 -.6456000000D+00 -.1800000000D-02  .1200000000D-03  .2260970000D+02  .3541600000D+00  .2604000000D-02  .4700000000D-02  .1649095000D+01  .6261000000D+01  .4485800000D+01 -.1292200000D+01
2  12920150115201502242457037.5 -.5100000000D-02  .0000000000D+00  .2297520000D+02  .2997600000D+00  .2183000000D-02  .1900000000D-02  .3905618000D+01  .2189700000D+01  .3655000000D+00 -.1254900000D+01  .2500000000D-02 -.1700000000D-03  .1057150000D+02  .1363700000D+00  .1842000000D-02  .2100000000D-02  .2762709000D+01  .2549300000D+01  .5471000000D+00 -.3585800000D+01  .1900000000D-02 -.2000000000D-03  .2148360000D+02  .3693000000D+00  .2556000000D-02  .4000000000D-02  .5383825000D+01  .3745900000D+01  .1888100000D+01 -.5356500000D+01
2  13020150224201504052457077.5 -.7600000000D-02  .2100000000D-03  .2088190000D+02  .3071300000D+00  .1975000000D-02  .2100000000D-02  .1468256000D+01  .5970500000D+01  .4283200000D+01 -.1083900000D+01 -.5500000000D-02  .2600000000D-03  .1450510000D+02  .1563700000D+00  .1602000000D-02  .4300000000D-02  .6128240000D+00  .5769300000D+01  .3865000000D+01 -.6683000000D+00 -.4000000000D-02  .1000000000D-04  .2133670000D+02  .3637800000D+00  .2495000000D-02  .4500000000D-02  .2801458000D+01  .1257900000D+01  .5582600000D+01 -.2815600000D+01
2  13120150405201505152457117.5 -.1500000000D-02  .4000000000D-04  .1886340000D+02  .3298600000D+00  .2043000000D-02  .6000000000D-03  .5220214000D+01  .3550400000D+01  .1817700000D+01 -.6043800000D+01  .4200000000D-02 -.1500000000D-03  .1580200000D+02  .1666400000D+00  .1602000000D-02  .2800000000D-02  .4605489000D+01  .2960800000D+01  .8210000000D+00 -.4001500000D+01 -.7400000000D-02  .1200000000D-03  .2229130000D+02  .3408800000D+00  .2362000000D-02  .2800000000D-02  .2623790000D+00  .5047800000D+01  .3054900000D+01 -.7396000000D+00
2  13220150515201506242457157.5 -.1000000000D-02  .1600000000D-03  .1891860000D+02  .3439600000D+00  .2223000000D-02  .4100000000D-02  .2605883000D+01  .1136900000D+01  .5466100000D+01 -.2066000000D+01 -.3400000000D-02  .2400000000D-03  .1426990000D+02  .1421000000D+00  .1662000000D-02  .4300000000D-02  .2330339000D+01  .1045000000D+00  .4178500000D+01 -.1266700000D+01 -.3700000000D-02 -.6000000000D-04  .2326810000D+02  .3152500000D+00  .2173000000D-02  .1000000000D-02  .4078774000D+01  .2541700000D+01  .6042000000D+00 -.5154800000D+01
2  13320150624201508032457197.5  .7000000000D-03  .1600000000D-03  .2113720000D+02  .3203400000D+00  .2265000000D-02  .4700000000D-02  .5302300000D-01  .4952900000D+01  .2854200000D+01 -.6530000000D-01  .4500000000D-02 -.2000000000D-03  .1035200000D+02  .1208200000D+00  .1406000000D-02  .2700000000D-02  .2256720000D+00  .3316100000D+01  .1222500000D+01 -.4618300000D+01 -.6600000000D-02  .1600000000D-03  .2342160000D+02  .2994100000D+00  .1983000000D-02  .1100000000D-02  .1657377000D+01  .4370000000D-01  .4479900000D+01 -.1815400000D+01
2  13420150803201509122457237.5  .5400000000D-02  .0000000000D+00  .2312090000D+02  .2749800000D+00  .1939000000D-02  .2100000000D-02  .3911670000D+01  .2424700000D+01  .3867000000D+00 -.2756700000D+01 -.2900000000D-02  .1300000000D-03  .7082200000D+01  .1123000000D+00  .1252000000D-02  .2900000000D-02  .4892265000D+01  .3237000000D+00  .4487900000D+01 -.1705500000D+01 -.9000000000D-03  .0000000000D+00  .2273190000D+02  .2954300000D+00  .1829000000D-02  .7000000000D-03  .5527138000D+01  .3866700000D+01  .2061100000D+01 -.2078600000D+01
2  13520150912201510222457277.5  .3500000000D-02  .1200000000D-03  .2335170000D+02  .2457300000D+00  .1539000000D-02  .4300000000D-02  .1567682000D+01  .6192400000D+01  .4320000000D+01 -.1442300000D+01  .8000000000D-03 -.1000000000D-03  .8991400000D+01  .1005300000D+00  .1194000000D-02  .2400000000D-02  .3394779000D+01  .3661500000D+01  .1661700000D+01 -.5124900000D+01 -.6000000000D-03  .8000000000D-04  .2179870000D+02  .2959400000D+00  .1696000000D-02  .1400000000D-02  .3096832000D+01  .1451000000D+01  .5897400000D+01 -.1883700000D+01
2  13620151022201512012457317.5  .5100000000D-02  .0000000000D+00  .2208500000D+02  .2383500000D+00  .1311000000D-02  .2200000000D-02  .5527391000D+01  .3764500000D+01  .2019000000D+01 -.1858000000D+00 -.2500000000D-02  .5000000000D-04  .1254930000D+02  .1036300000D+00  .1066000000D-02  .1800000000D-02  .1419849000D+01  .7405000000D+00  .5212500000D+01 -.3162600000D+01 -.6000000000D-03  .1600000000D-03  .2135430000D+02  .2914400000D+00  .1561000000D-02  .1900000000D-02  .6513240000D+00  .5347200000D+01  .3433300000D+01 -.5805300000D+01
2  13720151201201601102457357.5  .2600000000D-02  .4000000000D-04  .2024200000D+02  .2428800000D+00  .1171000000D-02  .1100000000D-02  .3177485000D+01  .1413700000D+01  .5936400000D+01 -.2872000000D+01  .6000000000D-03 -.6000000000D-04  .1485920000D+02  .1153100000D+00  .9110000000D-03  .8000000000D-03  .5546820000D+01  .4298600000D+01  .2408400000D+01 -.5591600000D+01  .5700000000D-02 -.6000000000D-04  .2170290000D+02  .2758100000D+00  .1439000000D-02  .2300000000D-02  .4504646000D+01  .2977500000D+01  .9717000000D+00 -.3357200000D+01
2  13820160110201602192457397.5  .2000000000D-03  .9000000000D-04  .1885900000D+02  .2452300000D+00  .1042000000D-02  .3300000000D-02  .7797980000D+00  .5386200000D+01  .3296600000D+01 -.1218500000D+01  .4000000000D-03 -.1000000000D-04  .1551040000D+02  .1129300000D+00  .7820000000D-03  .1100000000D-02  .3350704000D+01  .1714400000D+01  .5806200000D+01 -.3830100000D+01  .3200000000D-02  .1000000000D-03  .2250000000D+02  .2483800000D+00  .1274000000D-02  .3600000000D-02  .2126355000D+01  .6157000000D+00  .4725200000D+01 -.1502800000D+01
2  13920160219201603302457437.5  .4600000000D-02 -.2000000000D-03  .1869700000D+02  .2184500000D+00  .1313000000D-02  .6000000000D-03  .4664796000D+01  .3097400000D+01  .2913000000D+00 -.7860000000D-01  .6000000000D-03  .0000000000D+00  .1475500000D+02  .8896000000D-01  .5340000000D-03  .2400000000D-02  .1184250000D+01  .5457000000D+01  .2710900000D+01 -.4899900000D+01  .6800000000D-02 -.7000000000D-04  .2315830000D+02  .2072400000D+00  .1270000000D-02  .4100000000D-02  .6106328000D+01  .4556000000D+01  .1843200000D+01 -.5357000000D+01
2  14020160330201605092457477.5 -.1600000000D-02  .8000000000D-04  .1927330000D+02  .1186500000D+00  .2523000000D-02  .1400000000D-02  .2398105000D+01  .9056000000D+00  .4087500000D+01 -.2083900000D+01  .2200000000D-02 -.8000000000D-04  .1352470000D+02  .5209000000D-01  .7990000000D-03  .5000000000D-03  .5378459000D+01  .3269200000D+01  .5756400000D+01 -.2606800000D+01  .6600000000D-02 -.9000000000D-04  .2340060000D+02  .1198000000D+00  .2137000000D-02  .3400000000D-02  .3916632000D+01  .2327700000D+01  .5494400000D+01 -.3393200000D+01
2  14120160509201606182457517.5  .1420000000D-01 -.7000000000D-03  .1922680000D+02  .1372300000D+00  .7370000000D-03  .7800000000D-02  .4377070000D+00  .2192200000D+01  .5053400000D+01 -.3793900000D+01  .4000000000D-03  .0000000000D+00  .1368590000D+02  .4652000000D-01  .2510000000D-03  .4700000000D-02  .3368114000D+01  .3271100000D+01  .8790000000D-01 -.5892000000D+01  .1030000000D-01 -.2900000000D-03  .2332850000D+02  .8602000000D-01  .4200000000D-03  .9300000000D-02  .1941931000D+01  .3654400000D+01  .2160000000D+00 -.5714000000D+01
2  14220160618201607282457557.5  .1000000000D-02 -.2000000000D-04  .1863260000D+02  .3434000000D-01  .2762000000D-02  .4400000000D-02  .5029127000D+01  .2136000000D+00  .3409000000D+01 -.6240600000D+01 -.6000000000D-03  .8000000000D-04  .1511410000D+02  .2481000000D-01  .1054000000D-02  .2100000000D-02  .1446315000D+01  .7107000000D+00  .5415700000D+01 -.3082200000D+01  .2300000000D-02  .1500000000D-03  .2286120000D+02  .8880000000D-02  .2301000000D-02  .6000000000D-03  .1459540000D+00  .1983400000D+01  .4865600000D+01 -.4182800000D+01
2  14320160728201609062457597.5  .6500000000D-02 -.3200000000D-03  .1872060000D+02  .1931000000D+00  .1734000000D-02  .5900000000D-02  .2959222000D+01  .1515400000D+01  .5584000000D+00 -.3882200000D+01  .6000000000D-03  .1000000000D-04  .1482200000D+02  .9306000000D-01  .1085000000D-02  .3500000000D-02  .5692790000D+01  .3781600000D+01  .2070900000D+01 -.6176500000D+01  .8800000000D-02 -.1500000000D-03  .2296330000D+02  .1782200000D+00  .1594000000D-02  .3800000000D-02  .4374844000D+01  .2924100000D+01  .1899100000D+01 -.4748300000D+01
2  14420160906201610162457637.5 -.6400000000D-02  .2000000000D-03  .1997370000D+02  .3058800000D+00  .2093000000D-02  .3500000000D-02  .5563270000D+00  .5451100000D+01  .3707600000D+01 -.1604500000D+01 -.3000000000D-03  .6000000000D-04  .1238130000D+02  .1228500000D+00  .1657000000D-02  .3000000000D-02  .3563829000D+01  .9623000000D+00  .5233700000D+01 -.2458800000D+01  .6500000000D-02 -.5000000000D-04  .2339800000D+02  .2679500000D+00  .2086000000D-02  .1700000000D-02  .2088378000D+01  .5653000000D+00  .5266700000D+01 -.2998100000D+01
2  14520161016201611252457677.5  .6000000000D-03 -.2800000000D-03  .2233280000D+02  .3228500000D+00  .2547000000D-02  .3700000000D-02  .4362669000D+01  .2944600000D+01  .9530000000D+00 -.4740300000D+01  .2400000000D-02 -.1300000000D-03  .7974900000D+01  .1383100000D+00  .1766000000D-02  .3700000000D-02  .1659684000D+01  .4165000000D+01  .2073500000D+01 -.5608800000D+01  .5500000000D-02 -.7000000000D-04  .2322010000D+02  .3165400000D+00  .2432000000D-02  .4600000000D-02  .5978217000D+01  .4358600000D+01  .2645000000D+01 -.5547600000D+01
2  14620161125201701042457717.5 -.7500000000D-02  .9000000000D-04  .2349110000D+02  .2977300000D+00  .2317000000D-02  .3000000000D-03  .1933577000D+01  .3377000000D+00  .4722700000D+01 -.5048100000D+01 -.3300000000D-02  .8000000000D-04  .7472900000D+01  .1351300000D+00  .1874000000D-02  .3100000000D-02  .3657230000D+00  .1094200000D+01  .5251200000D+01 -.2231400000D+01  .7300000000D-02 -.2500000000D-03  .2222900000D+02  .3505700000D+00  .2464000000D-02  .5200000000D-02  .3505157000D+01  .1839500000D+01  .3800000000D-01 -.3537200000D+01
2  14720170104201702132457757.5 -.3300000000D-02 -.9000000000D-04  .2241430000D+02  .2908100000D+00  .2017000000D-02  .1700000000D-02  .5813138000D+01  .4067100000D+01  .2322400000D+01 -.4207200000D+01 -.6000000000D-03 -.7000000000D-04  .1196660000D+02  .1359700000D+00  .1760000000D-02  .2800000000D-02  .4793931000D+01  .4231400000D+01  .2330400000D+01 -.5427400000D+01 -.1900000000D-02  .6000000000D-04  .2135340000D+02  .3631900000D+00  .2393000000D-02  .2000000000D-02  .9603050000D+00  .5626900000D+01  .3731200000D+01 -.9835000000D+00
2  14820170213201703252457797.5 -.2900000000D-02 -.4000000000D-04  .2021350000D+02  .3075200000D+00  .1936000000D-02  .1800000000D-02  .3366239000D+01  .1610400000D+01  .6203300000D+01 -.3142500000D+01 -.1900000000D-02  .4000000000D-04  .1508660000D+02  .1600700000D+00  .1593000000D-02  .4400000000D-02  .2573230000D+01  .1294500000D+01  .5624300000D+01 -.2520300000D+01  .1600000000D-02 -.2400000000D-03  .2157700000D+02  .3510100000D+00  .2329000000D-02  .4600000000D-02  .4681295000D+01  .3150300000D+01  .1199100000D+01 -.4887100000D+01
2  14920170325201705042457837.5 -.6700000000D-02  .2200000000D-03  .1868830000D+02  .3323300000D+00  .1996000000D-02  .2100000000D-02  .8179620000D+00  .5479700000D+01  .3693500000D+01 -.6460000000D-01 -.1800000000D-02  .7000000000D-04  .1557170000D+02  .1629400000D+00  .1677000000D-02  .4000000000D-02  .2772540000D+00  .4809400000D+01  .2607800000D+01 -.6001500000D+01 -.5600000000D-02  .4000000000D-04  .2259340000D+02  .3265900000D+00  .2255000000D-02  .2300000000D-02  .2171071000D+01  .6712000000D+00  .5007100000D+01 -.3774800000D+01
2  15020170504201706132457877.5  .3200000000D-02 -.1400000000D-03  .1942520000D+02  .3384100000D+00  .2168000000D-02  .5000000000D-02  .4499005000D+01  .3057100000D+01  .1075300000D+01 -.4398900000D+01  .1100000000D-02 -.4000000000D-04  .1338440000D+02  .1365100000D+00  .1675000000D-02  .3800000000D-02  .4310020000D+01  .1918400000D+01  .5988600000D+01 -.3284600000D+01 -.3000000000D-02 -.9000000000D-04  .2337320000D+02  .3062400000D+00  .2126000000D-02  .1200000000D-02  .6008283000D+01  .4462400000D+01  .2564200000D+01 -.4923800000D+01
2  15120170613201707232457917.5  .3000000000D-03  .1200000000D-03  .2175360000D+02  .3076600000D+00  .2193000000D-02  .3600000000D-02  .1980960000D+01  .5835000000D+00  .4806400000D+01 -.2166800000D+01 -.6000000000D-03  .2000000000D-04  .9230900000D+01  .1207900000D+00  .1412000000D-02  .2800000000D-02  .2279504000D+01  .5133700000D+01  .3001200000D+01 -.6960000000D-01 -.1600000000D-02 -.1100000000D-03  .2332720000D+02  .2980800000D+00  .1948000000D-02  .1000000000D-02  .3596134000D+01  .1973000000D+01  .1313000000D+00 -.3796600000D+01
2  15220170723201709012457957.5  .6000000000D-02 -.7000000000D-04  .2333630000D+02  .2670600000D+00  .1893000000D-02  .2500000000D-02  .5861897000D+01  .4341500000D+01  .2373000000D+01 -.5736600000D+01  .1300000000D-02 -.1100000000D-03  .6899600000D+01  .1121300000D+00  .1296000000D-02  .2600000000D-02  .7849090000D+00  .2154700000D+01  .1380000000D-01 -.3714000000D+01 -.5200000000D-02  .1400000000D-03  .2257290000D+02  .2980100000D+00  .1804000000D-02  .2000000000D-02  .1181404000D+01  .5800600000D+01  .4004000000D+01 -.5144200000D+01
2  15320170901201710112457997.5  .6100000000D-02 -.3000000000D-04  .2315330000D+02  .2477200000D+00  .1569000000D-02  .3400000000D-02  .3521935000D+01  .1840000000D+01  .2430000000D-01 -.4091000000D+01 -.3700000000D-02  .9000000000D-04  .9684300000D+01  .1042500000D+00  .1234000000D-02  .1500000000D-02  .5463188000D+01  .5464500000D+01  .3501000000D+01 -.8025000000D+00  .6000000000D-03 -.5000000000D-04  .2170420000D+02  .3001200000D+00  .1741000000D-02  .3600000000D-02  .5025156000D+01  .3388000000D+01  .1590000000D+01 -.4261300000D+01
2  15420171011201711202458037.5  .4700000000D-02  .1000000000D-04  .2165790000D+02  .2485300000D+00  .1406000000D-02  .1800000000D-02  .1183866000D+01  .5698700000D+01  .4040200000D+01 -.3361800000D+01  .3000000000D-03 -.1100000000D-03  .1318640000D+02  .1146200000D+00  .1128000000D-02  .7000000000D-03  .3415777000D+01  .2554100000D+01  .7617000000D+00 -.5201500000D+01  .1600000000D-02  .1000000000D-04  .2139210000D+02  .2999200000D+00  .1742000000D-02  .1600000000D-02  .2566134000D+01  .1001800000D+01  .5431100000D+01 -.2455200000D+01
2  15520171120201712302458077.5  .6700000000D-02 -.1300000000D-03  .1977500000D+02  .2640700000D+00  .1425000000D-02  .1400000000D-02  .5077497000D+01  .3341200000D+01  .1738600000D+01 -.5732500000D+01 -.4500000000D-02  .1600000000D-03  .1519180000D+02  .1307500000D+00  .1085000000D-02  .1100000000D-02  .1218999000D+01  .6121400000D+01  .4214300000D+01 -.1243200000D+01  .3400000000D-02  .2000000000D-04  .2189130000D+02  .2933700000D+00  .1743000000D-02  .3100000000D-02  .1174580000D+00  .4895500000D+01  .2992800000D+01 -.5778700000D+01
2  15620171230201802082458117.5  .4900000000D-02 -.1000000000D-03  .1867450000D+02  .2863000000D+00  .1539000000D-02  .1700000000D-02  .2604842000D+01  .1011100000D+01  .5546900000D+01 -.4009800000D+01  .5000000000D-03 -.5000000000D-04  .1527970000D+02  .1299800000D+00  .1193000000D-02  .1100000000D-02  .5268308000D+01  .3477300000D+01  .1362200000D+01 -.4342300000D+01  .7700000000D-02 -.9000000000D-04  .2278930000D+02  .2810800000D+00  .1695000000D-02  .4300000000D-02  .3988287000D+01  .2483500000D+01  .5757000000D+00 -.4007600000D+01
2  15720180208201803202458157.5  .1500000000D-02 -.3000000000D-04  .1938280000D+02  .2935600000D+00  .1657000000D-02  .1500000000D-02  .9496000000D-01  .4941800000D+01  .2942300000D+01 -.4581900000D+01 -.3100000000D-02  .1400000000D-03  .1335340000D+02  .1109900000D+00  .1168000000D-02  .2800000000D-02  .3072536000D+01  .7049000000D+00  .4867900000D+01 -.1319900000D+01  .4300000000D-02  .8000000000D-04  .2340800000D+02  .2678300000D+00  .1579000000D-02  .1500000000D-02  .1613294000D+01  .5530000000D-01  .4446500000D+01 -.2237900000D+01
2  15820180320201804292458197.5  .2100000000D-02 -.1700000000D-03  .2139520000D+02  .2670900000D+00  .1583000000D-02  .3000000000D-02  .3936098000D+01  .2536700000D+01  .3131000000D+00 -.3431300000D+01  .2000000000D-02 -.1000000000D-03  .9892400000D+01  .9568000000D-01  .8190000000D-03  .1800000000D-02  .1027226000D+01  .4095100000D+01  .1963000000D+01 -.4986100000D+01  .8700000000D-02 -.1700000000D-03  .2338900000D+02  .2555200000D+00  .1330000000D-02  .3900000000D-02  .5546626000D+01  .3920100000D+01  .1904600000D+01 -.5429100000D+01
2  15920180429201806082458237.5 -.5700000000D-02  .1200000000D-03  .2301100000D+02  .2138300000D+00  .1340000000D-02  .3000000000D-02  .1607405000D+01  .9710000000D-01  .3710300000D+01 -.6200200000D+01 -.2700000000D-02  .1100000000D-03  .6963900000D+01  .7555000000D-01  .5740000000D-03  .2500000000D-02  .5583580000D+01  .1384800000D+01  .4668100000D+01 -.1904300000D+01  .5000000000D-02  .0000000000D+00  .2292750000D+02  .2309200000D+00  .1321000000D-02  .3400000000D-02  .3224138000D+01  .1557700000D+01  .5101300000D+01 -.3262100000D+01
2  16020180608201807182458277.5 -.8000000000D-03 -.1300000000D-03  .2345830000D+02  .1196100000D+00  .2001000000D-02  .4500000000D-02  .5691321000D+01  .4092200000D+01  .9620000000D+00 -.4214800000D+01 -.2100000000D-02  .7000000000D-04  .6295500000D+01  .3031000000D-01  .1129000000D-02  .8000000000D-03  .3973260000D+01  .5844700000D+01  .1937600000D+01 -.4130500000D+01  .4000000000D-02  .4000000000D-04  .2262800000D+02  .1332200000D+00  .2340000000D-02  .5000000000D-03  .9906050000D+00  .5668600000D+01  .2455200000D+01 -.1792400000D+01
2  16120180718201808272458317.5 -.1380000000D-01  .5500000000D-03  .2345500000D+02  .7973000000D-01  .1094000000D-02  .6200000000D-02  .3704454000D+01  .5336200000D+01  .2080900000D+01 -.9143000000D+00 -.3700000000D-02  .1900000000D-03  .5192700000D+01  .8817000000D-01  .9730000000D-03  .5000000000D-02  .1983531000D+01  .6193900000D+01  .2690600000D+01 -.2321500000D+01  .3000000000D-03  .2400000000D-03  .2289260000D+02  .8415000000D-01  .1052000000D-02  .6900000000D-02  .5286955000D+01  .4754000000D+00  .3615500000D+01 -.2227000000D+01
2  16220180827201810062458357.5 -.2700000000D-02 -.2000000000D-04  .2322720000D+02  .4683000000D-01  .1960000000D-02  .4100000000D-02  .1850060000D+01  .5347000000D+00  .4570000000D-01 -.3644900000D+01  .3400000000D-02 -.1800000000D-03  .5140900000D+01  .1407000000D-01  .9700000000D-03  .2700000000D-02  .5942479000D+01  .4895000000D+00  .9859000000D+00 -.3646400000D+01  .9600000000D-02 -.2300000000D-03  .2305680000D+02  .4467000000D-01  .2178000000D-02  .3300000000D-02  .3445389000D+01  .1984100000D+01  .1542800000D+01 -.4100700000D+01
2  16320181006201811152458397.5 -.5900000000D-02  .7000000000D-04  .2341630000D+02  .1991400000D+00  .1478000000D-02  .1000000000D-02  .6016297000D+01  .4496500000D+01  .3056100000D+01 -.1830000000D-01 -.4100000000D-02  .1300000000D-03  .6207300000D+01  .9658000000D-01  .9820000000D-03  .1400000000D-02  .4331589000D+01  .5196100000D+01  .3428900000D+01 -.7041000000D+00  .9000000000D-03  .1600000000D-03  .2262360000D+02  .2187600000D+00  .1676000000D-02  .6700000000D-02  .1312124000D+01  .5960300000D+01  .4801400000D+01 -.1695300000D+01
2  16420181115201812252458437.5 -.2000000000D-02 -.1400000000D-03  .2304380000D+02  .2451800000D+00  .1632000000D-02  .9000000000D-03  .3734797000D+01  .2053900000D+01  .4004000000D+00 -.2050700000D+01  .1600000000D-02 -.2000000000D-03  .9774800000D+01  .1177400000D+00  .1395000000D-02  .2700000000D-02  .2591183000D+01  .2420800000D+01  .5173000000D+00 -.3813400000D+01  .2900000000D-02 -.4000000000D-04  .2175340000D+02  .2981500000D+00  .1922000000D-02  .4300000000D-02  .5228564000D+01  .3594900000D+01  .1967800000D+01 -.6177400000D+01
2  16520181225201902032458477.5 -.7300000000D-02  .1100000000D-03  .2148960000D+02  .2689900000D+00  .1674000000D-02  .1500000000D-02  .1380257000D+01  .5901700000D+01  .4281900000D+01 -.1020000000D-01 -.5400000000D-02  .1400000000D-03  .1356740000D+02  .1374700000D+00  .1411000000D-02  .2600000000D-02  .4790100000D+00  .5800300000D+01  .3984000000D+01 -.6721000000D+00 -.7000000000D-03  .2000000000D-04  .2132540000D+02  .3261100000D+00  .2074000000D-02  .2500000000D-02  .2748731000D+01  .1181500000D+01  .5628300000D+01 -.2987100000D+01
2  16620190203201903152458517.5 -.4800000000D-02  .1000000000D-04  .1954750000D+02  .2959000000D+00  .1807000000D-02  .2700000000D-02  .5221327000D+01  .3509800000D+01  .1875000000D+01 -.4738800000D+01  .1100000000D-02 -.1500000000D-03  .1552580000D+02  .1567600000D+00  .1399000000D-02  .4700000000D-02  .4506265000D+01  .3039400000D+01  .1060100000D+01 -.4511300000D+01 -.4700000000D-02  .8000000000D-04  .2187050000D+02  .3246000000D+00  .2101000000D-02  .3000000000D-02  .2489960000D+00  .5025100000D+01  .3095400000D+01 -.1188500000D+01
2  16720190315201904242458557.5 -.3500000000D-02  .3000000000D-04  .1870900000D+02  .3233400000D+00  .1993000000D-02  .3600000000D-02  .2676043000D+01  .1124900000D+01  .5602000000D+01 -.2751000000D+01 -.4700000000D-02  .1800000000D-03  .1513470000D+02  .1496800000D+00  .1547000000D-02  .2800000000D-02  .2221914000D+01  .3114000000D+00  .4422600000D+01 -.1983900000D+01 -.2400000000D-02 -.1100000000D-03  .2286890000D+02  .3092100000D+00  .2043000000D-02  .2500000000D-02  .4071422000D+01  .2561200000D+01  .6425000000D+00 -.1070300000D+01
2  16820190424201906032458597.5 -.2900000000D-02  .1000000000D-03  .2001280000D+02  .3272500000D+00  .2167000000D-02  .4400000000D-02  .1097590000D+00  .4984700000D+01  .2971300000D+01 -.2057000000D+00  .3200000000D-02 -.1800000000D-03  .1231190000D+02  .1252500000D+00  .1505000000D-02  .2700000000D-02  .9573000000D-02  .3676200000D+01  .1550200000D+01 -.5184100000D+01 -.8400000000D-02  .1600000000D-03  .2345850000D+02  .2957900000D+00  .1966000000D-02  .2300000000D-02  .1653283000D+01  .8550000000D-01  .4515200000D+01 -.8911000000D+00
2  16920190603201907132458637.5  .3400000000D-02 -.6000000000D-04  .2227970000D+02  .2959800000D+00  .2077000000D-02  .3100000000D-02  .3917278000D+01  .2495400000D+01  .4463000000D+00 -.4249700000D+01 -.3100000000D-02  .1300000000D-03  .8108300000D+01  .1149800000D+00  .1318000000D-02  .2500000000D-02  .4361380000D+01  .6458000000D+00  .4847800000D+01 -.2056600000D+01 -.5900000000D-02  .5000000000D-04  .2322750000D+02  .2922600000D+00  .1907000000D-02  .4000000000D-03  .5535134000D+01  .3906300000D+01  .2108700000D+01 -.3154200000D+01
2  17020190713201908222458677.5  .6000000000D-03  .1600000000D-03  .2345790000D+02  .2617700000D+00  .1772000000D-02  .1700000000D-02  .1536687000D+01  .6254700000D+01  .4330400000D+01 -.2454400000D+01 -.1000000000D-03 -.8000000000D-04  .6992600000D+01  .1073100000D+00  .1294000000D-02  .1900000000D-02  .2959538000D+01  .3980300000D+01  .1906400000D+01 -.5875100000D+01 -.5900000000D-02  .1000000000D-03  .2240890000D+02  .2971800000D+00  .1839000000D-02  .3500000000D-02  .3121792000D+01  .1468600000D+01  .5971100000D+01 -.1806500000D+01
2  17120190822201910012458717.5  .5000000000D-02  .0000000000D+00  .2293060000D+02  .2485800000D+00  .1562000000D-02  .1700000000D-02  .5481913000D+01  .3777300000D+01  .2024400000D+01 -.1704000000D+00 -.3400000000D-02  .4000000000D-04  .1037310000D+02  .1054100000D+00  .1286000000D-02  .1500000000D-02  .1227989000D+01  .1013300000D+01  .5407200000D+01 -.2244200000D+01 -.6000000000D-02  .2000000000D-03  .2162410000D+02  .3039400000D+00  .1781000000D-02  .4100000000D-02  .6786070000D+00  .5337700000D+01  .3539600000D+01 -.4773000000D+00
2  17220191001201911102458757.5  .5900000000D-02 -.3000000000D-04  .2126730000D+02  .2570400000D+00  .1521000000D-02  .1200000000D-02  .3130472000D+01  .1370100000D+01  .6033500000D+01 -.5087600000D+01 -.3400000000D-02  .3000000000D-04  .1367220000D+02  .1226000000D+00  .1243000000D-02  .9000000000D-03  .5406136000D+01  .4427500000D+01  .2627700000D+01 -.3930000000D+00  .1300000000D-02 -.1000000000D-04  .2147770000D+02  .3056900000D+00  .1804000000D-02  .1100000000D-02  .4495482000D+01  .2939200000D+01  .1117000000D+01 -.4133000000D+01
2  17320191110201912202458797.5  .3600000000D-02  .7000000000D-04  .1944840000D+02  .2823300000D+00  .1630000000D-02  .1200000000D-02  .7091950000D+00  .5289100000D+01  .3703900000D+01 -.2015200000D+01 -.1900000000D-02 -.2000000000D-04  .1529750000D+02  .1419700000D+00  .1292000000D-02  .2000000000D-02  .3181007000D+01  .1718200000D+01  .6011500000D+01 -.2680300000D+01 -.2000000000D-03  .1900000000D-03  .2210150000D+02  .3027600000D+00  .1915000000D-02  .5000000000D-02  .2036234000D+01  .5356000000D+00  .4968500000D+01 -.1926300000D+01
2  17420191220202001292458837.5  .7500000000D-02 -.1800000000D-03  .1878030000D+02  .3133400000D+00  .1868000000D-02  .5000000000D-03  .4470571000D+01  .2928300000D+01  .1206300000D+01 -.5294000000D+01 -.4900000000D-02  .1600000000D-03  .1483240000D+02  .1406300000D+00  .1517000000D-02  .2900000000D-02  .9285020000D+00  .5278100000D+01  .3099100000D+01 -.5660000000D-01  .2000000000D-02  .1500000000D-03  .2299280000D+02  .2993500000D+00  .2042000000D-02  .4500000000D-02  .5889186000D+01  .4384300000D+01  .2528500000D+01 -.3376000000D+00
2  17520200129202003092458877.5 -.2000000000D-03  .9000000000D-04  .2021200000D+02  .3259700000D+00  .2224000000D-02  .2000000000D-02  .1917432000D+01  .5216000000D+00  .4851900000D+01 -.1477400000D+01  .2000000000D-02 -.1300000000D-03  .1198320000D+02  .1260700000D+00  .1564000000D-02  .3800000000D-02  .5026234000D+01  .2319400000D+01  .2017000000D+00 -.3356200000D+01  .6300000000D-02  .0000000000D+00  .2345300000D+02  .3002600000D+00  .2095000000D-02  .1600000000D-02  .3480130000D+01  .1910600000D+01  .9870000000D-01 -.3889500000D+01
2  17620200309202004182458917.5  .4000000000D-03 -.8000000000D-04  .2252880000D+02  .3032800000D+00  .2324000000D-02  .4000000000D-02  .5724590000D+01  .4301200000D+01  .2282000000D+01 -.5105400000D+01 -.3500000000D-02  .1300000000D-03  .7762300000D+01  .1258300000D+00  .1413000000D-02  .3200000000D-02  .3154403000D+01  .5541900000D+01  .3409900000D+01 -.3210000000D+00  .3000000000D-02  .1500000000D-03  .2311650000D+02  .3092700000D+00  .2056000000D-02  .4300000000D-02  .1064399000D+01  .5707200000D+01  .3935500000D+01 -.1597700000D+01
2  17720200418202005282458957.5 -.1900000000D-02 -.5000000000D-04  .2346900000D+02  .2754800000D+00  .1976000000D-02  .3900000000D-02  .3331706000D+01  .1730700000D+01  .6080800000D+01 -.2472600000D+01  .1700000000D-02 -.1800000000D-03  .7404400000D+01  .1157100000D+00  .1372000000D-02  .3700000000D-02  .1804090000D+01  .2562500000D+01  .4055000000D+00 -.3830900000D+01  .7600000000D-02 -.1400000000D-03  .2226850000D+02  .3197300000D+00  .1955000000D-02  .2400000000D-02  .4897794000D+01  .3244600000D+01  .1424600000D+01 -.7138000000D+00
2  17820200528202007072458997.5 -.5500000000D-02  .6000000000D-04  .2250640000D+02  .2651700000D+00  .1497000000D-02  .4600000000D-02  .9705780000D+00  .5496500000D+01  .3530900000D+01 -.4875000000D+00 -.4300000000D-02  .8000000000D-04  .1112970000D+02  .1064200000D+00  .1109000000D-02  .2900000000D-02  .6269163000D+01  .5805900000D+01  .3799100000D+01 -.7837000000D+00 -.8000000000D-03  .1600000000D-03  .2172770000D+02  .3159000000D+00  .1773000000D-02  .2500000000D-02  .2418098000D+01  .8136000000D+00  .5050800000D+01 -.1394900000D+01
2  17920200707202008162459037.5 -.7000000000D-03 -.1700000000D-03  .2072030000D+02  .2480600000D+00  .1303000000D-02  .4200000000D-02  .4888126000D+01  .3083100000D+01  .4776000000D+00 -.4455200000D+01 -.2000000000D-03 -.1100000000D-03  .1387320000D+02  .1034800000D+00  .7070000000D-03  .2500000000D-02  .4143273000D+01  .2944100000D+01  .5767000000D+00 -.4379300000D+01  .6000000000D-03 -.4000000000D-04  .2197890000D+02  .2779500000D+00  .1717000000D-02  .2100000000D-02  .6254156000D+01  .4694400000D+01  .2080300000D+01 -.5524600000D+01
2  18020200816202009252459077.5 -.7900000000D-02  .1600000000D-03  .1943710000D+02  .1601100000D+00  .2612000000D-02  .4500000000D-02  .2573856000D+01  .8331000000D+00  .3960700000D+01 -.2020500000D+01 -.4300000000D-02  .8000000000D-04  .1476290000D+02  .6730000000D-01  .8040000000D-03  .5000000000D-03  .2001894000D+01  .4434000000D+00  .3612400000D+01 -.2920200000D+01 -.4000000000D-03 -.6000000000D-04  .2253260000D+02  .1695000000D+00  .2659000000D-02  .4600000000D-02  .3945109000D+01  .2384900000D+01  .5559900000D+01 -.1789000000D+01
2  18120200925202011042459117.5  .8000000000D-02 -.6500000000D-03  .1926690000D+02  .1042800000D+00  .5720000000D-03  .5000000000D-02  .5371760000D+00  .1943500000D+01  .4935800000D+01 -.3562100000D+01  .2000000000D-03 -.1700000000D-03  .1484150000D+02  .1228000000D-01  .3920000000D-03  .1900000000D-02  .6274355000D+01  .1752300000D+01  .4806100000D+01 -.2411300000D+01  .3500000000D-02 -.2400000000D-03  .2256650000D+02  .8416000000D-01  .4190000000D-03  .1180000000D-01  .1915813000D+01  .3684100000D+01  .2156000000D+00 -.5595900000D+01
2  18220201104202012142459157.5 -.4800000000D-02 -.1000000000D-04  .1994560000D+02  .2067000000D-01  .2273000000D-02  .2600000000D-02  .5065093000D+01  .5787200000D+01  .3198700000D+01 -.5764500000D+01 -.3100000000D-02  .0000000000D+00  .1482180000D+02  .3148000000D-01  .8320000000D-03  .2500000000D-02  .4350904000D+01  .3114900000D+01  .2728400000D+01 -.5972000000D+01 -.5700000000D-02  .2600000000D-03  .2192490000D+02  .7980000000D-02  .2268000000D-02  .2900000000D-02  .1195200000D+00  .3698500000D+01  .4809200000D+01 -.1892900000D+01
2  18320201214202101232459197.5 -.4100000000D-02 -.6000000000D-04  .1968610000D+02  .1641100000D+00  .1381000000D-02  .3200000000D-02  .3008157000D+01  .1357100000D+01  .4400000000D+00 -.2667700000D+01 -.3600000000D-02  .3000000000D-04  .1533220000D+02  .9900000000D-01  .8330000000D-03  .3300000000D-02  .2276251000D+01  .9225000000D+00  .5772700000D+01 -.2708500000D+01  .2200000000D-02 -.1900000000D-03  .2181040000D+02  .1863300000D+00  .1282000000D-02  .2900000000D-02  .4321588000D+01  .2823400000D+01  .1811000000D+01 -.5641500000D+01
